1.609261839430463359e-01 2.247308604687064670e-01 2.131479180869132461e-01 2.247308604687064670e-01 3.849303372858273731e-01 2.047944822135753795e-01 2.131479180869132461e-01 2.047944822135753795e-01 4.541432226841908837e-01
1.846497052302085162e-01 3.363158182780775496e-01 -5.230769209115366386e-02 3.363158182780775496e-01 6.348629996844141754e-01 -1.474696614738849609e-01 -5.230769209115366386e-02 -1.474696614738849609e-01 1.804871711825803415e-01
1.914483021791759942e-01 2.797663450583754430e-01 9.601982799109579081e-02 2.797663450583754430e-01 4.434905705132167197e-01 4.148462166979496879e-02 9.601982799109579081e-02 4.148462166979496879e-02 3.650611255105429831e-01
3.788272114801423118e-01 4.157413652639964652e-01 6.003203002017477863e-02 4.157413652639964652e-01 4.704529793374798707e-01 2.332929947230323250e-02 6.003203002017477863e-02 2.332929947230323250e-02 1.507197389070700222e-01
3.224454893656253374e-01 -3.770513849440219056e-01 -2.273919945984411439e-01 -3.770513849440219056e-01 4.551078993325157196e-01 2.855690185990235608e-01 -2.273919945984411439e-01 2.855690185990235608e-01 2.224465643848808627e-01
1.999722111497055643e-01 -3.313001014080367845e-01 -2.097658081677642172e-01 -3.313001014080367845e-01 5.549641574670871602e-01 3.485715254289518117e-01 -2.097658081677642172e-01 3.485715254289518117e-01 2.450633851453066780e-01
4.793579644153230790e-01 1.574740299276237432e-01 3.607957112025708124e-01 1.574740299276237432e-01 5.794145529308031284e-02 1.450008076624497155e-01 3.607957112025708124e-01 1.450008076624497155e-01 4.627008396651933197e-01
8.877071524489585919e-01 1.376250998005186243e-01 -2.409461582995232609e-01 1.376250998005186243e-01 2.463660560796454221e-02 -3.365529125967940682e-02 -2.409461582995232609e-01 -3.365529125967940682e-02 8.765610243065670437e-02
1.032215189950093544e-02 7.469679532407615119e-02 2.659424925577853586e-03 7.469679532407615119e-02 8.382503517001845816e-01 -8.215901382395948693e-02 2.659424925577853586e-03 -8.215901382395948693e-02 1.514273200265194852e-01
1.270129919549359016e-03 7.399703838515404343e-03 3.202869038064060266e-03 7.399703838515404343e-03 9.076653981590251385e-01 -1.332258495678121379e-01 3.202869038064060266e-03 -1.332258495678121379e-01 9.106431531488609621e-02
6.682008969685290095e-03 -1.966817130814754039e-02 -8.441340777131019777e-04 -1.966817130814754039e-02 9.541348965956563122e-01 -1.623531143725623349e-01 -8.441340777131019777e-04 -1.623531143725623349e-01 3.918306665090630359e-02
3.905385380734390788e-01 3.592840323786228862e-01 1.048319741867176774e-01 3.592840323786228862e-01 3.469575396357150732e-01 4.155556221446939091e-02 1.048319741867176774e-01 4.155556221446939091e-02 2.625036707578962680e-01
4.908850337830760191e-01 4.179233826185224099e-01 -1.251266902440167084e-01 4.179233826185224099e-01 3.632186868665657209e-01 -1.332020158779646801e-01 -1.251266902440167084e-01 -1.332020158779646801e-01 1.458959851232392857e-01
2.183398300003207004e-01 -3.991912392402551246e-01 4.999933525441176141e-02 -3.991912392402551246e-01 7.499717416558637773e-01 -1.109348036447756064e-01 4.999933525441176141e-02 -1.109348036447756064e-01 3.168876288829533538e-02
7.180994359052783604e-01 -3.197948190358747556e-01 -1.828088156286099830e-01 -3.197948190358747556e-01 1.488227057584819990e-01 9.708059768681430446e-02 -1.828088156286099830e-01 9.708059768681430446e-02 1.330775078292391889e-01
4.454296869281588935e-04 6.654568074701018403e-03 1.999843996896713896e-03 6.654568074701018403e-03 8.899613591414244906e-01 7.834189372005509466e-02 1.999843996896713896e-03 7.834189372005509466e-02 1.095932874667758378e-01
1.719655322543502673e-01 1.616480237688735777e-01 2.952231334447987798e-01 1.616480237688735777e-01 1.662142465700708893e-01 2.429806133007317293e-01 2.952231334447987798e-01 2.429806133007317293e-01 6.618204121318171929e-01
6.149267444150302575e-01 -4.761898505839807783e-01 2.830758334150189001e-02 -4.761898505839807783e-01 3.765803124265196256e-01 -1.741833526050829209e-02 2.830758334150189001e-02 -1.741833526050829209e-02 8.493006248058992610e-03
7.062734355665321040e-01 -1.694929566914871177e-01 -3.546146691659524119e-01 -1.694929566914871177e-01 4.293527465894283329e-02 8.849926334098312530e-02 -3.546146691659524119e-01 8.849926334098312530e-02 2.507909669840900357e-01
8.709489741663125617e-01 -6.612670842683093797e-02 -6.087785884697561462e-02 -6.612670842683093797e-02 1.998460334659819468e-02 -2.294902905478997043e-02 -6.087785884697561462e-02 -2.294902905478997043e-02 1.090663500460064272e-01
3.614011328611134704e-03 4.529391474459575767e-02 5.417374002611250600e-03 4.529391474459575767e-02 9.657189668340059319e-01 1.314606051576916630e-02 5.417374002611250600e-03 1.314606051576916630e-02 3.066708478940559715e-02
6.366647209011533359e-02 2.327175607319791062e-01 2.122120539799730518e-02 2.327175607319791062e-01 9.025113866113917416e-01 1.101247583608929853e-01 2.122120539799730518e-02 1.101247583608929853e-01 3.382222567814410774e-02
5.058599705155808479e-01 -4.740734380474193044e-01 -1.932755329759226759e-02 -4.740734380474193044e-01 4.606951218188937713e-01 3.725535706925348078e-02 -1.932755329759226759e-02 3.725535706925348078e-02 3.344485434903948090e-02
8.564659968354977337e-01 2.514722953649591863e-01 -2.056012816895894102e-01 2.514722953649591863e-01 8.091284280271443530e-02 -6.087611812198823885e-02 -2.056012816895894102e-01 -6.087611812198823885e-02 6.262115994481715076e-02
6.821281364376335747e-03 5.880311241262859562e-02 2.122325321179083582e-02 5.880311241262859562e-02 8.181674183944388501e-01 3.668739424534380178e-01 2.122325321179083582e-02 3.668739424534380178e-01 1.750113822975816469e-01
3.122425806372470247e-01 -2.872885926573923165e-01 -3.540052662897902880e-01 -2.872885926573923165e-01 2.681462695728544787e-01 3.267205468848528027e-01 -3.540052662897902880e-01 3.267205468848528027e-01 4.196111115793940138e-01
2.862449725026175451e-01 -3.367523294773215325e-01 -2.566208635401244775e-01 -3.367523294773215325e-01 4.222800418939592348e-01 2.955837909265354169e-01 -2.566208635401244775e-01 2.955837909265354169e-01 2.914750105392420187e-01
1.233090361903318721e-01 -2.570369748339546567e-01 1.775783299578107821e-01 -2.570369748339546567e-01 5.948572000064511478e-01 -3.376622484091503229e-01 1.775783299578107821e-01 -3.376622484091503229e-01 2.818334515566442988e-01
1.613515282897479974e-01 -2.957619088335343149e-01 1.883359501551341575e-01 -2.957619088335343149e-01 5.818359166792769210e-01 -3.167173613760833062e-01 1.883359501551341575e-01 -3.167173613760833062e-01 2.568124478204233951e-01
7.189546752952007402e-01 3.730573934173236350e-01 1.798571476340597441e-01 3.730573934173236350e-01 2.067503228073817312e-01 1.101812832587499430e-01 1.798571476340597441e-01 1.101812832587499430e-01 7.429497443434802950e-02
5.682296229989591135e-02 2.155754425602339208e-01 -6.147333808417763945e-02 2.155754425602339208e-01 8.423446850417913856e-01 -2.292483843545966293e-01 -6.147333808417763945e-02 -2.292483843545966293e-01 1.008322662349722260e-01
6.417507027166415856e-01 2.755272793814046439e-01 1.333412522141830259e-01 2.755272793814046439e-01 1.221066995117957438e-01 7.930643583355263815e-02 1.333412522141830259e-01 7.930643583355263815e-02 2.361427587544264461e-01
8.887635310705148395e-02 -2.223712752958342531e-01 1.470316752198228827e-01 -2.223712752958342531e-01 6.533045054548785036e-01 -3.435561497747443016e-01 1.470316752198228827e-01 -3.435561497747443016e-01 2.578188900660350336e-01
9.145505382797930460e-01 -1.078161850053900583e-01 1.303962664852954534e-01 -1.078161850053900583e-01 1.915501539503574116e-02 -2.244986862968345251e-02 1.303962664852954534e-01 -2.244986862968345251e-02 6.629418613953602657e-02
2.038635270605113070e-01 -3.754950630481098117e-01 9.687738844265432470e-02 -3.754950630481098117e-01 7.192565521532710004e-01 -2.021238783039234765e-01 9.687738844265432470e-02 -2.021238783039234765e-01 7.688038503374831911e-02
7.059025914314244199e-01 -4.019839911988605241e-01 1.399918095369796778e-01 -4.019839911988605241e-01 2.373042054426922620e-01 -7.846729466664895125e-02 1.399918095369796778e-01 -7.846729466664895125e-02 5.679337564457396376e-02
9.655291637223231693e-02 2.327119064270531668e-01 9.684316461589589919e-02 2.327119064270531668e-01 6.952713742302274458e-01 3.261945921610625576e-01 9.684316461589589919e-02 3.261945921610625576e-01 2.081753937615955230e-01
4.523213781195716265e-01 -4.448166992936728459e-01 -1.947187968211738437e-02 -4.448166992936728459e-01 4.702270004548493865e-01 6.251823347415767784e-02 -1.947187968211738437e-02 6.251823347415767784e-02 7.745164447678412611e-02
5.476173692674703997e-01 -4.710097323345444065e-01 -1.237667101961985733e-01 -4.710097323345444065e-01 4.071926016558971573e-01 1.100690678625643459e-01 -1.237667101961985733e-01 1.100690678625643459e-01 4.518949899421482314e-02
8.922103358384050539e-03 -3.266447171468682409e-02 1.413269727049097299e-02 -3.266447171468682409e-02 6.091224600768387898e-01 3.467422308946504494e-01 1.413269727049097299e-02 3.467422308946504494e-01 3.819554865053711445e-01
6.321387789362413745e-01 -2.167816337383318970e-01 4.020208509451516088e-01 -2.167816337383318970e-01 8.742275088372630787e-02 -1.453668461995144545e-01 4.020208509451516088e-01 -1.453668461995144545e-01 2.804383599701408269e-01
1.921927497070664015e-01 3.693778654862661104e-01 -2.419269743899209527e-02 3.693778654862661104e-01 7.445989463783256879e-01 -2.017605007129050221e-02 -2.419269743899209527e-02 -2.017605007129050221e-02 6.320816782077626206e-02
1.716370273723926421e-01 3.003878122540493134e-01 1.562644687394499354e-01 3.003878122540493134e-01 6.084530726761722130e-01 2.802183943928333032e-01 1.562644687394499354e-01 2.802183943928333032e-01 2.199100137664115606e-01
3.643302129071830653e-03 1.329293732204384765e-02 1.049081135923769607e-02 1.329293732204384765e-02 9.201481407117567679e-01 -1.472053433887527685e-01 1.049081135923769607e-02 -1.472053433887527685e-01 7.620851179912842277e-02
3.971677985691383084e-01 4.628414114849878080e-01 9.704303330347177625e-02 4.628414114849878080e-01 5.751332259266535019e-01 1.119525379509755392e-01 9.704303330347177625e-02 1.119525379509755392e-01 2.769895079844009525e-02
6.043524847703766328e-03 -5.629469989198671032e-02 -1.020069980529363443e-02 -5.629469989198671032e-02 7.727212609006937072e-01 2.873344529434697647e-01 -1.020069980529363443e-02 2.873344529434697647e-01 2.212352031298929766e-01
5.682237115797598159e-01 -2.857319062659939846e-01 3.871789505186249980e-01 -2.857319062659939846e-01 1.483208227452532113e-01 -1.966001093656183918e-01 3.871789505186249980e-01 -1.966001093656183918e-01 2.834557213575879531e-01
8.141994245612360626e-02 2.552110345859505136e-01 -7.718142239435490937e-02 2.552110345859505136e-01 8.166141836661440223e-01 -2.450222344369455685e-01 -7.718142239435490937e-02 -2.450222344369455685e-01 1.019661124317770562e-01
6.562118230734174107e-01 -3.058596589780829822e-01 3.273084219208135526e-01 -3.058596589780829822e-01 1.470759636033330264e-01 -1.554180230058243295e-01 3.273084219208135526e-01 -1.554180230058243295e-01 1.967124440536996699e-01
8.217506450056272921e-03 -5.304988884624288470e-02 -7.893455958495540492e-03 -5.304988884624288470e-02 9.644135460383598257e-01 2.233131466621704475e-02 -7.893455958495540492e-03 2.233131466621704475e-02 2.736912049204100542e-02
3.229517063258932064e-01 -3.129059397974097156e-01 -3.080627342977467764e-01 -3.129059397974097156e-01 3.455395886339038269e-01 2.966909520847663684e-01 -3.080627342977467764e-01 2.966909520847663684e-01 3.315085389883100087e-01
2.156086580317230217e-01 2.332734108081644386e-01 2.168966788397125034e-01 2.332734108081644386e-01 2.948519886594250239e-01 1.466223256570959033e-01 2.168966788397125034e-01 1.466223256570959033e-01 4.895391625395680291e-01
1.204257390822129209e-01 -3.019669612759771637e-01 -5.693109114184102121e-02 -3.019669612759771637e-01 8.127819853850301035e-01 1.803133378992510527e-01 -5.693109114184102121e-02 1.803133378992510527e-01 6.679231055627947444e-02
1.010332964008339197e-02 -1.136962990633536182e-03 2.570749904592927598e-02 -1.136962990633536182e-03 4.616737444727813111e-01 -3.970529109758734743e-01 2.570749904592927598e-02 -3.970529109758734743e-01 5.282227341340639537e-01
2.051680532067740037e-02 1.209644730805490703e-01 -5.658236168500363483e-02 1.209644730805490703e-01 7.716538824760803550e-01 -3.178861513986337983e-01 -5.658236168500363483e-02 -3.178861513986337983e-01 2.078293106324867190e-01
5.977564778873163398e-01 -4.327772136583340479e-01 5.510562868637351730e-02 -4.327772136583340479e-01 3.191940808336293789e-01 -2.743916867143086913e-02 5.510562868637351730e-02 -2.743916867143086913e-02 8.304961199713627173e-02
8.721742187982431394e-02 2.360808590540134921e-01 -8.503598862756685250e-02 2.360808590540134921e-01 7.122300700852333133e-01 -3.065495208811447880e-01 -8.503598862756685250e-02 -3.065495208811447880e-01 2.005524583846960418e-01
1.702506105928111857e-01 2.946606842887217192e-01 8.842570700081986423e-02 2.946606842887217192e-01 5.427305812146548947e-01 7.839037582522029313e-02 8.842570700081986423e-02 7.839037582522029313e-02 2.870189019388332818e-01
1.448130604571236657e-01 -2.606829552710532849e-01 1.718394160053402786e-01 -2.606829552710532849e-01 5.438511247080600741e-01 -3.287470669627376996e-01 1.718394160053402786e-01 -3.287470669627376996e-01 3.113358351304990057e-01
5.118814311877613044e-01 3.701564636906009564e-01 -8.208001602722340972e-02 3.701564636906009564e-01 2.821445944079027379e-01 -1.098717060695594550e-01 -8.208001602722340972e-02 -1.098717060695594550e-01 2.059742848879625443e-01
1.311258439111423132e-02 2.002156692187400007e-03 -4.749342834336367503e-02 2.002156692187400007e-03 5.907245573885022694e-01 3.406869507563984323e-01 -4.749342834336367503e-02 3.406869507563984323e-01 3.961630420310603973e-01
2.232619515384197048e-03 -2.648284787226875756e-02 -5.357573039660797239e-04 -2.648284787226875756e-02 9.424311466448127561e-01 1.027010330859261800e-01 -5.357573039660797239e-04 1.027010330859261800e-01 5.533625840943116186e-02
4.967270058601270244e-01 2.708356810538383175e-01 3.523361025527997348e-01 2.708356810538383175e-01 1.506219193433632197e-01 1.794033926113059729e-01 3.523361025527997348e-01 1.794033926113059729e-01 3.526511877107099679e-01
8.588980373137496127e-03 5.398301902834910793e-02 1.364362005607347309e-03 5.398301902834910793e-02 7.850524453370059108e-01 4.821980906111555942e-02 1.364362005607347309e-03 4.821980906111555942e-02 2.063583524404679070e-01
3.493758713184884623e-01 4.587730668658736577e-01 5.968129379519591070e-03 4.587730668658736577e-01 6.223969686981071225e-01 1.947137521925343048e-02 5.968129379519591070e-03 1.947137521925343048e-02 2.822724162735783943e-02
8.021401484930565928e-01 3.733783404997933486e-01 4.806547163566576852e-02 3.733783404997933486e-01 1.852734899739878482e-01 1.668132135403288183e-02 4.806547163566576852e-02 1.668132135403288183e-02 1.258646914463798505e-02
1.430184118176557884e-01 2.888678611464111090e-01 1.320459693739101104e-01 2.888678611464111090e-01 6.850463026001375466e-01 2.052181520001387094e-01 1.320459693739101104e-01 2.052181520001387094e-01 1.719352777664678311e-01
4.752541898544468402e-01 -4.974780949073132064e-02 4.444833102823926851e-01 -4.974780949073132064e-02 1.387333929252868546e-02 -7.028621841419571692e-02 4.444833102823926851e-01 -7.028621841419571692e-02 5.108727600479120445e-01
5.970629464594870983e-01 -3.155035849490191169e-02 4.079182776484631678e-01 -3.155035849490191169e-02 4.733401015896245186e-03 -1.856300055666383272e-02 4.079182776484631678e-01 -1.856300055666383272e-02 3.982036704375182534e-01
5.860796693637302379e-01 2.950512823192893430e-01 2.352149862300780825e-01 2.950512823192893430e-01 1.512638191029528623e-01 1.054034726352345019e-01 2.352149862300780825e-01 1.054034726352345019e-01 2.626568244353988946e-01
4.505350703424883425e-03 -3.573852584309538533e-02 3.124385604309319955e-02 -3.573852584309538533e-02 5.790262113296165136e-01 -4.509906053822390071e-01 3.124385604309319955e-02 -4.509906053822390071e-01 4.164683006329768511e-01
6.390020739721801180e-01 -3.985289376597606625e-01 2.153058414530534259e-01 -3.985289376597606625e-01 2.568064509780912941e-01 -1.226404076032516499e-01 2.153058414530534259e-01 -1.226404076032516499e-01 1.041915140030413023e-01
8.247818235989683444e-01 -2.565709510784150438e-01 -2.302107439538967626e-01 -2.565709510784150438e-01 8.248726341837465947e-02 6.670877910862647864e-02 -2.302107439538967626e-01 6.670877910862647864e-02 9.273105601536144049e-02
2.661761918707933328e-01 -4.137311997147121168e-01 1.221239890302713016e-01 -4.137311997147121168e-01 6.648858073800980595e-01 -1.828140258270117002e-01 1.221239890302713016e-01 -1.828140258270117002e-01 6.893807447846908576e-02
4.578915887231982135e-04 -3.320251978083384008e-03 -5.100941861025641306e-04 -3.320251978083384008e-03 2.951949252075375951e-01 3.733764199792267147e-01 -5.100941861025641306e-04 3.733764199792267147e-01 7.043473477620357803e-01
6.995529559129344543e-02 -2.413382773663964309e-01 -5.349391760356669162e-02 -2.413382773663964309e-01 8.810317623155132782e-01 1.905880347962696231e-01 -5.349391760356669162e-02 1.905880347962696231e-01 4.901316488496394036e-02
4.560658403284222340e-01 6.045778740339564916e-02 -1.977253670983575851e-01 6.045778740339564916e-02 3.203454541862509886e-01 7.951726516729085148e-02 -1.977253670983575851e-01 7.951726516729085148e-02 2.235887144841377239e-01
1.537910531823560301e-01 -3.391191591861995036e-01 -1.130518485068735673e-03 -3.391191591861995036e-01 8.222609678279768630e-01 2.946933234604322618e-02 -1.130518485068735673e-03 2.946933234604322618e-02 2.394821128232528518e-02
4.392371172950199631e-01 -3.659126536752697195e-02 4.596827969672279135e-01 -3.659126536752697195e-02 1.338931307334499492e-02 -6.080977703207306878e-02 4.596827969672279135e-01 -6.080977703207306878e-02 5.473736559139134039e-01
1.427034023930099857e-02 3.866657328112779041e-02 -2.732725246223371290e-02 3.866657328112779041e-02 6.553860428396440785e-01 2.435057371870492371e-01 -2.732725246223371290e-02 2.435057371870492371e-01 3.303435338109376174e-01
3.038103764192660594e-01 3.638024640667307796e-01 -2.281598645243684276e-01 3.638024640667307796e-01 4.544487522697363002e-01 -3.033652514861826521e-01 -2.281598645243684276e-01 -3.033652514861826521e-01 2.417409268089148744e-01
3.379128577379527099e-01 3.997676451963189659e-01 -8.997378488424107035e-02 3.997676451963189659e-01 4.789910298603253791e-01 -1.258267561647763433e-01 -8.997378488424107035e-02 -1.258267561647763433e-01 1.830960253343002220e-01
3.634412082436325742e-01 -3.446519574502656114e-01 -2.898287328824320497e-01 -3.446519574502656114e-01 3.349060542426018916e-01 2.914811126947059461e-01 -2.898287328824320497e-01 2.914811126947059461e-01 3.016529313190230988e-01
4.846457973052531454e-01 3.530373831806321028e-01 -1.846247827661033347e-01 3.530373831806321028e-01 2.699880228793654635e-01 -1.780881568957911609e-01 -1.846247827661033347e-01 -1.780881568957911609e-01 2.453663482085902403e-01
1.816462678189629532e-01 3.373315594346121271e-01 -1.065766951040374583e-01 3.373315594346121271e-01 6.385093894250628566e-01 -2.297383340468527879e-01 -1.065766951040374583e-01 -2.297383340468527879e-01 1.798441841621895854e-01
8.093679336454824291e-01 -1.709797438654370449e-01 2.329139659329884371e-01 -1.709797438654370449e-01 5.337120027671932859e-02 -7.206678944798655673e-02 2.329139659329884371e-01 -7.206678944798655673e-02 1.372606103503320740e-01
4.486659126225687189e-01 -9.159646140699864974e-04 -4.411689632738790001e-01 -9.159646140699864974e-04 1.934287357661334389e-02 -1.818467582268522287e-02 -4.411689632738790001e-01 -1.818467582268522287e-02 5.319911429801061908e-01
4.302893006169127288e-01 3.770184659818528461e-01 -8.172594397319207782e-02 3.770184659818528461e-01 3.860102153589552443e-01 -1.588101247989188169e-01 -8.172594397319207782e-02 -1.588101247989188169e-01 1.837001606296269351e-01
3.032502212096258587e-01 3.814034504819282523e-01 -5.872975177364575181e-03 3.814034504819282523e-01 4.864548640753258435e-01 -1.162070328766322963e-02 -5.872975177364575181e-03 -1.162070328766322963e-02 2.102952854299083296e-01
1.055711597694078130e-01 2.816739612204852694e-01 8.670667068845218373e-02 2.816739612204852694e-01 7.932223336648608347e-01 2.633690138393151581e-01 8.670667068845218373e-02 2.633690138393151581e-01 1.012069704799174186e-01
7.012953135333057642e-01 3.292657306379785376e-01 -2.142536042746612246e-01 3.292657306379785376e-01 1.669980096297089822e-01 -1.114909052902256087e-01 -2.142536042746612246e-01 -1.114909052902256087e-01 1.317062076993572584e-01
3.211189545794172484e-01 -4.559808604066899473e-01 4.006747304799190834e-02 -4.559808604066899473e-01 6.580003165877277294e-01 -5.602309296596495736e-02 4.006747304799190834e-02 -5.602309296596495736e-02 2.088056483095591595e-02
3.753501122409199503e-02 1.765012669823829705e-01 -3.299735498502467945e-02 1.765012669823829705e-01 9.061724587951244247e-01 -1.400832175965605331e-01 -3.299735498502467945e-02 -1.400832175965605331e-01 5.629252792724011301e-02
7.341360992875413383e-02 1.842478021136912669e-01 9.011308449897512118e-02 1.842478021136912669e-01 7.103307735834768488e-01 3.811352098610877870e-01 9.011308449897512118e-02 3.811352098610877870e-01 2.162556433815641388e-01
5.602877370898226017e-01 -4.394741239517081510e-01 -1.864141503845698489e-01 -4.394741239517081510e-01 3.518796189217774373e-01 1.430404381193204622e-01 -1.864141503845698489e-01 1.430404381193204622e-01 8.783251483293484652e-02
8.619340266058921063e-03 6.141164593484313428e-02 1.364617628068646310e-02 6.141164593484313428e-02 8.235056354204709494e-01 1.898647057862031529e-01 1.364617628068646310e-02 1.898647057862031529e-01 1.678748382729144950e-01
1.472066489569488767e-01 3.206388581198679200e-01 -9.027460598393273472e-02 3.206388581198679200e-01 7.228918316274265399e-01 -2.081709460394053912e-01 -9.027460598393273472e-02 -2.081709460394053912e-01 1.299015579500745199e-01
8.987179958367383925e-01 2.863619482723429033e-01 -1.223151013914045362e-02 2.863619482723429033e-01 9.400641208079635325e-02 -2.476832834166526210e-03 -1.223151013914045362e-02 -2.476832834166526210e-03 7.275332819978735759e-03
8.619576659011431996e-01 -2.656671465405558430e-01 -8.038118648786460319e-02 -2.656671465405558430e-01 8.351652978616681822e-02 2.776327753517084454e-02 -8.038118648786460319e-02 2.776327753517084454e-02 5.452576663085108993e-02
6.119246172689784408e-03 -2.178678853423393624e-02 -8.558141864962851356e-03 -2.178678853423393624e-02 8.020675557560602575e-01 -2.550741353349754714e-01 -8.558141864962851356e-03 -2.550741353349754714e-01 1.918133844577784020e-01
6.672690703899113451e-01 3.393578608210990333e-01 8.033858272848450055e-02 3.393578608210990333e-01 1.844154013526793368e-01 2.772099239782474349e-03 8.033858272848450055e-02 2.772099239782474349e-03 1.483154546649730621e-01
4.378243226081668937e-01 -4.109773170499653183e-01 2.514164364945034591e-01 -4.109773170499653183e-01 4.011713147746751584e-01 -2.284113166661377592e-01 2.514164364945034591e-01 -2.284113166661377592e-01 1.610043302817489308e-01
4.970828439891875061e-01 -3.973772744713926497e-01 2.447048903549385312e-01 -3.973772744713926497e-01 3.253442109118645509e-01 -1.859466790073237008e-01 2.447048903549385312e-01 -1.859466790073237008e-01 1.775729069456285780e-01
4.810083013625097298e-02 1.513847383557856141e-01 7.162438194107839662e-02 1.513847383557856141e-01 6.353646308730954706e-01 3.901323929408640478e-01 7.162438194107839662e-02 3.901323929408640478e-01 3.165345108109967054e-01
6.560736960719223410e-01 -4.341949013755935782e-01 1.049700994877421217e-01 -4.341949013755935782e-01 2.974784117595002941e-01 -6.068193441967854179e-02 1.049700994877421217e-01 -6.068193441967854179e-02 4.644795117175262028e-02
4.354433889130551738e-01 2.154323727935311128e-01 3.415843375068001730e-01 2.154323727935311128e-01 1.091931983747230217e-01 1.633996036822981113e-01 3.415843375068001730e-01 1.633996036822981113e-01 4.553635218922560957e-01
7.936931938016746901e-01 -3.299115435759366055e-01 1.843045487513483849e-01 -3.299115435759366055e-01 1.412631271040998004e-01 -6.911292503210302030e-02 1.843045487513483849e-01 -6.911292503210302030e-02 6.504370560750379060e-02
7.059555082260388081e-01 3.102925984678647220e-01 -2.933251655226709609e-01 3.102925984678647220e-01 1.462922442090981434e-01 -1.356501155497012723e-01 -2.933251655226709609e-01 -1.356501155497012723e-01 1.477518008430963037e-01
7.210732228304325142e-01 4.175293695564471497e-01 -1.024284078525277697e-01 4.175293695564471497e-01 2.542407736978486987e-01 -6.757905038013270471e-02 -1.024284078525277697e-01 -6.757905038013270471e-02 2.468605147038805889e-02
2.878509023255915178e-01 2.460140363736610658e-01 2.739801085462557073e-01 2.460140363736610658e-01 2.126233933171331192e-01 2.228040870460687717e-01 2.739801085462557073e-01 2.228040870460687717e-01 4.995259584158731614e-01
2.252616938615830278e-03 -3.336580740736611733e-02 -1.973769808256645858e-02 -3.336580740736611733e-02 6.105521867000786029e-01 4.183559771266219807e-01 -1.973769808256645858e-02 4.183559771266219807e-01 3.871951576855486854e-01
9.069379138984193789e-01 1.188114514620640383e-01 -9.454206079619724423e-02 1.188114514620640383e-01 2.967932994913259973e-02 -1.367166209469589978e-02 -9.454206079619724423e-02 -1.367166209469589978e-02 6.338262651651917212e-02
1.714231468815845816e-01 -3.683517536908907375e-01 9.810452266191980672e-03 -3.683517536908907375e-01 8.205246150706250186e-01 -2.408462417806125910e-02 9.810452266191980672e-03 -2.408462417806125910e-02 8.052166538488369704e-03
4.299729506166010545e-02 -1.767110840122722848e-01 5.724568052105597632e-02 -1.767110840122722848e-01 8.369803619865396893e-01 -2.090371365758040278e-01 5.724568052105597632e-02 -2.090371365758040278e-01 1.200222459719329782e-01
2.884853875757672700e-03 -5.184596326181590067e-03 -8.940659509199281804e-03 -5.184596326181590067e-03 2.806965071546518864e-01 4.181639447260417919e-01 -8.940659509199281804e-03 4.181639447260417919e-01 7.164184892689020590e-01
3.876221291240126154e-01 -3.802497638265545654e-01 2.732297482056624260e-01 -3.802497638265545654e-01 3.824020469755795015e-01 -2.713171616305301570e-01 2.732297482056624260e-01 -2.713171616305301570e-01 2.299762513138252362e-01
5.090497309133227288e-01 -4.051827894437899924e-01 2.683340079800072830e-01 -4.051827894437899924e-01 3.340287401045378690e-01 -2.034383731894580660e-01 2.683340079800072830e-01 -2.034383731894580660e-01 1.569215022906494394e-01
3.765055801585872608e-01 -4.307381903801582590e-01 -1.843840587477756643e-01 -4.307381903801582590e-01 5.089268631097972895e-01 2.142944045835613320e-01 -1.843840587477756643e-01 2.142944045835613320e-01 1.145677503063770170e-01
1.249876319987184153e-01 3.078934095547360972e-01 2.456225971491296164e-02 3.078934095547360972e-01 7.877816536625297239e-01 1.017328752129607466e-01 2.456225971491296164e-02 1.017328752129607466e-01 8.723082416808299044e-02
2.944851661411826416e-01 2.650126804407649805e-01 2.857866571775963815e-01 2.650126804407649805e-01 2.437551206650719060e-01 2.371147477000191961e-01 2.857866571775963815e-01 2.371147477000191961e-01 4.617597305865135948e-01
7.693765919093310535e-01 -3.335097915154515702e-01 -9.358617360828250242e-02 -3.335097915154515702e-01 1.712887654457584397e-01 2.890629928430751838e-02 -9.358617360828250242e-02 2.890629928430751838e-02 5.933474076230541711e-02
6.250210684420897111e-01 -1.067696271968268142e-03 3.981241801438385464e-01 -1.067696271968268142e-03 2.009439268815118446e-02 -3.696007903204046041e-02 3.981241801438385464e-01 -3.696007903204046041e-02 3.548849357079182920e-01
3.031468224239698417e-01 -4.539500080456077558e-01 -6.520630665344998196e-03 -4.539500080456077558e-01 6.895226956670088558e-01 1.335512731346189322e-02 -6.520630665344998196e-03 1.335512731346189322e-02 7.330218960884295198e-03
1.596806801623763469e-02 1.095370621571925968e-01 -1.856645946162278904e-02 1.095370621571925968e-01 9.217572016046674532e-01 -7.915711648369999631e-02 -1.856645946162278904e-02 -7.915711648369999631e-02 6.227461939776499089e-02
7.241473588286433394e-01 -1.721665287508881426e-01 2.731198659082858526e-01 -1.721665287508881426e-01 6.683411708279314578e-02 -8.302061833188134621e-02 2.731198659082858526e-01 -8.302061833188134621e-02 2.090183197319840092e-01
1.050240403614560308e-01 2.687940000450074196e-01 -1.596431001878713396e-02 2.687940000450074196e-01 7.408539286539912450e-01 -1.149936323376562625e-01 -1.596431001878713396e-02 -1.149936323376562625e-01 1.541222087181430278e-01
7.871942002708607472e-03 -3.826272823952987789e-02 -3.790660744545224035e-03 -3.826272823952987789e-02 8.212902773039395532e-01 -2.316907044957167428e-01 -3.790660744545224035e-03 -2.316907044957167428e-01 1.708379548537389270e-01
3.540295284096173223e-01 1.972366832840088957e-01 3.314504328446598036e-01 1.972366832840088957e-01 1.152390664046555740e-01 1.794256694693801835e-01 3.314504328446598036e-01 1.794256694693801835e-01 5.307314076801806779e-01
1.134995728689891098e-01 -2.046641284784062320e-01 -1.561914397338834970e-01 -2.046641284784062320e-01 3.815096140836706784e-01 2.821680600691099383e-01 -1.561914397338834970e-01 2.821680600691099383e-01 5.049907205628724194e-01
8.778177053282555306e-03 2.730654896309213375e-02 2.925787603504987830e-02 2.730654896309213375e-02 8.274382625718331719e-01 -2.589105914259377458e-02 2.925787603504987830e-02 -2.589105914259377458e-02 1.637835592851523414e-01
2.450000105383905169e-01 4.039414785220868387e-01 2.241604518272350549e-02 4.039414785220868387e-01 7.102631491377260353e-01 5.538870524131879469e-02 2.241604518272350549e-02 5.538870524131879469e-02 4.473652614471582134e-02
1.532798266868332371e-01 2.971423755465342764e-01 -1.477585555129655448e-01 2.971423755465342764e-01 6.411494472992630422e-01 -3.461772447617403881e-01 -1.477585555129655448e-01 -3.461772447617403881e-01 2.055705616932491930e-01
5.130117796853138623e-01 2.422136264827660646e-01 3.686672692818789288e-01 2.422136264827660646e-01 1.186314062861348051e-01 1.588743836024767986e-01 3.686672692818789288e-01 1.588743836024767986e-01 3.683569449176168353e-01
6.354625764978152347e-01 -3.951645593966777170e-01 2.106901605812547540e-01 -3.951645593966777170e-01 2.512065092769517061e-01 -1.362380023654140848e-01 2.106901605812547540e-01 -1.362380023654140848e-01 1.133307694199607862e-01
1.295256896069507495e-03 -1.829747879488000106e-02 7.046941301215632440e-03 -1.829747879488000106e-02 8.951533920224046259e-01 -2.738888918663726080e-01 7.046941301215632440e-03 -2.738888918663726080e-01 1.035515805032688613e-01
4.191726303422918520e-01 -2.328194145233852819e-01 4.093557792170891552e-01 -2.328194145233852819e-01 1.362530313122860826e-01 -2.264266372478511979e-01 4.093557792170891552e-01 -2.264266372478511979e-01 4.445745593618458114e-01
8.541342099086273176e-01 -2.043358941677989316e-01 1.577265234304360830e-01 -2.043358941677989316e-01 5.706453753423414155e-02 -2.714766418496674175e-02 1.577265234304360830e-01 -2.714766418496674175e-02 8.880128404474893489e-02
2.976677388947683855e-01 3.230044317241136387e-01 -4.260155554363290187e-02 3.230044317241136387e-01 3.914706377772211865e-01 -1.543925057440636017e-01 -4.260155554363290187e-02 -1.543925057440636017e-01 3.108616017464063686e-01
1.617538310352730213e-01 -3.514857132421745356e-01 -6.030991556383905050e-02 -3.514857132421745356e-01 8.060363729363827501e-01 1.408353479722387613e-01 -6.030991556383905050e-02 1.408353479722387613e-01 3.220980786577904570e-02
2.004866210102506374e-01 2.584692635829048957e-01 2.351548660900455445e-01 2.584692635829048957e-01 3.770533162508699077e-01 2.542337206005299000e-01 2.351548660900455445e-01 2.542337206005299000e-01 4.224600160006218852e-01
7.507150780914442212e-01 1.373973249616329273e-01 5.400723238687624855e-04 1.373973249616329273e-01 5.591482667381687810e-02 -7.037891661843521940e-02 5.400723238687624855e-04 -7.037891661843521940e-02 1.933696390407424193e-01
3.211010066320508782e-01 1.335343841093013240e-01 3.873076625247633964e-01 1.335343841093013240e-01 6.031560659166164406e-02 1.755596996867546389e-01 3.873076625247633964e-01 1.755596996867546389e-01 6.185832436160284553e-01
5.430990315782606714e-01 4.339792045034315260e-01 -1.374990548479373687e-01 4.339792045034315260e-01 3.586248064320627371e-01 -1.231079774118818831e-01 -1.374990548479373687e-01 -1.231079774118818831e-01 9.827603353889019511e-02
2.221957876690834610e-01 -3.706241631893651967e-01 -1.153541769377424142e-01 -3.706241631893651967e-01 6.708237498990633485e-01 2.029079572597838610e-01 -1.153541769377424142e-01 2.029079572597838610e-01 1.069807342824874163e-01
6.636685283812571168e-01 2.393807900616088877e-02 -3.429336325769214988e-01 2.393807900616088877e-02 3.855164076432342560e-03 -1.950475137529646477e-02 -3.429336325769214988e-01 -1.950475137529646477e-02 3.324766087174781393e-01
5.304643841481447852e-01 6.712797877242458744e-02 -4.353071667355540852e-01 6.712797877242458744e-02 1.163250795304442663e-02 -5.731124647948637740e-02 -4.353071667355540852e-01 -5.731124647948637740e-02 4.579032266494301728e-01
8.197172929813201225e-03 -7.491342280729158462e-03 2.195521725320200360e-02 -7.491342280729158462e-03 4.877791105031444863e-01 4.226318832309985396e-01 2.195521725320200360e-02 4.226318832309985396e-01 5.040237159418121671e-01
2.248496011275931405e-01 2.599364526937533171e-01 2.316337131888785428e-01 2.599364526937533171e-01 3.049881567174330677e-01 2.832289239018301874e-01 2.316337131888785428e-01 2.832289239018301874e-01 4.701622751859872440e-01
3.745406298178873827e-01 -1.279728586142680757e-01 -4.448173682598116629e-01 -1.279728586142680757e-01 5.475644510870477516e-02 1.522517446074511671e-01 -4.448173682598116629e-01 1.522517446074511671e-01 5.707028046310539393e-01
2.179749527304621626e-01 -3.908426557958026293e-01 -1.127065543282731314e-01 -3.908426557958026293e-01 7.074549624282076010e-01 2.015954787048004904e-01 -1.127065543282731314e-01 2.015954787048004904e-01 7.457023227705673885e-02
8.859659540585279602e-02 -2.079355379051107122e-01 1.099219370816298252e-01 -2.079355379051107122e-01 5.809368779614441092e-01 -2.600319461767716667e-01 1.099219370816298252e-01 -2.600319461767716667e-01 3.304663511763956674e-01
6.991961215043159816e-01 2.776173781150889641e-01 -6.596543054319893573e-02 2.776173781150889641e-01 1.193089734681413716e-01 -5.372055958214174559e-02 -6.596543054319893573e-02 -5.372055958214174559e-02 1.814950501885113365e-01
3.591463932880282345e-02 4.916141436943325532e-02 -2.174351284531163102e-03 4.916141436943325532e-02 6.854907338415732188e-01 3.885209351964685753e-01 -2.174351284531163102e-03 3.885209351964685753e-01 2.785944712771791232e-01
9.552776249569372782e-03 -1.722536954493630521e-02 -4.760170195586271857e-02 -1.722536954493630521e-02 4.883380241771191344e-01 4.136794804041986628e-01 -4.760170195586271857e-02 4.136794804041986628e-01 5.021092126066365458e-01
3.209952402027523299e-01 -3.859663627237627237e-01 1.924945933899269435e-01 -3.859663627237627237e-01 4.842666948832520246e-01 -2.189560214738411892e-01 1.924945933899269435e-01 -2.189560214738411892e-01 1.947378492240407766e-01
3.347596857533080006e-01 -4.351405851737271124e-01 6.047244854597835437e-04 -4.351405851737271124e-01 5.948613132881906962e-01 3.318702937668819436e-02 6.047244854597835437e-04 3.318702937668819436e-02 7.037893981539483645e-02
8.104724586651877727e-02 -2.597067314671417937e-01 -5.215983835825363513e-02 -2.597067314671417937e-01 8.831866006530278979e-01 1.671599800002869229e-01 -5.215983835825363513e-02 1.671599800002869229e-01 3.576603761012181470e-02
3.126268588835734701e-03 -2.202919764399050018e-02 2.014911473127110192e-02 -2.202919764399050018e-02 7.823465515234586665e-01 -2.664163682786759857e-01 2.014911473127110192e-02 -2.664163682786759857e-01 2.145271644558849888e-01
6.851585333255458821e-01 -4.033117320129936956e-01 1.321257677688170151e-01 -4.033117320129936956e-01 2.455150005360554888e-01 -6.190417498711344585e-02 1.321257677688170151e-01 -6.190417498711344585e-02 6.932644768563295257e-02
5.003250399257341829e-01 3.468872756835895688e-01 -2.513722628850157403e-01 3.468872756835895688e-01 2.452601014654764433e-01 -1.864517160407848095e-01 -2.513722628850157403e-01 -1.864517160407848095e-01 2.544150061781128569e-01
9.309205609451535191e-01 2.284304426008053335e-01 -8.978069954691641694e-03 2.284304426008053335e-01 6.400368836285041940e-02 -3.942556517269869137e-03 -8.978069954691641694e-03 -3.942556517269869137e-03 5.075564104745605709e-03
9.221474610118196580e-01 1.569736342026007980e-01 -4.501678069258022857e-02 1.569736342026007980e-01 2.915900043350949655e-02 -5.878806334635563492e-03 -4.501678069258022857e-02 -5.878806334635563492e-03 4.869338653310876369e-02
2.154045708719224961e-01 -2.958580418018715297e-01 2.231613855115169853e-01 -2.958580418018715297e-01 4.230530038015209437e-01 -2.918723268377114155e-01 2.231613855115169853e-01 -2.918723268377114155e-01 3.615425908292826951e-01
2.865761247300060433e-01 -4.184529531526519630e-01 -4.049426943742791968e-02 -4.184529531526519630e-01 6.243982953444067174e-01 6.302247143840337962e-02 -4.049426943742791968e-02 6.302247143840337962e-02 8.902572389996486757e-02
9.431449878965932898e-01 9.912139816674125914e-02 -1.690424625268755476e-01 9.912139816674125914e-02 1.410151885472207649e-02 -1.767313053140875251e-02 -1.690424625268755476e-01 -1.767313053140875251e-02 4.275365942025625282e-02
4.473820391140124510e-03 1.011365474105139876e-02 2.760804841481099767e-02 1.011365474105139876e-02 4.196511758603089781e-01 4.451168181108337008e-01 2.760804841481099767e-02 4.451168181108337008e-01 5.758752550070449505e-01
3.278856682993063210e-01 2.811699773195249774e-01 -2.544190593554031543e-01 2.811699773195249774e-01 2.870646945354590196e-01 -3.025839049745263631e-01 -2.544190593554031543e-01 -3.025839049745263631e-01 3.850499073346506096e-01
1.071464604072047133e-01 2.407350752516338732e-01 -7.546887723991267671e-02 2.407350752516338732e-01 6.953893985446072401e-01 -1.664672076311811133e-01 -7.546887723991267671e-02 -1.664672076311811133e-01 1.974642329911991956e-01
2.208200492840070306e-01 3.845099367870274398e-01 2.538517751597858807e-02 3.845099367870274398e-01 7.293925070187309290e-01 8.041828438528442202e-02 2.538517751597858807e-02 8.041828438528442202e-02 4.978733160607016345e-02
1.298237670602773730e-01 2.984597918386882043e-01 4.470035834280179643e-02 2.984597918386882043e-01 7.300893189889924306e-01 4.690610345077764198e-02 4.470035834280179643e-02 4.690610345077764198e-02 1.400870174213567354e-01
4.089938685000649859e-02 1.823691768902742927e-01 -3.072542129593861665e-02 1.823691768902742927e-01 9.210090139187266933e-01 -1.371234402320394563e-01 -3.072542129593861665e-02 -1.371234402320394563e-01 3.809148762824229872e-02
1.752018745275399081e-01 2.250632088608862102e-01 2.172106938894104444e-01 2.250632088608862102e-01 2.971920508908504899e-01 2.481299563149698129e-01 2.172106938894104444e-01 2.481299563149698129e-01 5.276059475896384132e-01
5.776580196492359098e-01 -3.142090609770299414e-01 3.162238801872097604e-01 -3.142090609770299414e-01 1.753777166030446311e-01 -1.632367076730579236e-01 3.162238801872097604e-01 -1.632367076730579236e-01 2.469639653490660891e-01
4.000586225674725160e-02 1.636193033331494462e-01 3.012114764522691099e-02 1.636193033331494462e-01 8.460034000899107065e-01 2.392821240622211854e-01 3.012114764522691099e-02 2.392821240622211854e-01 1.139909072534382589e-01
