1.787584136635390897e-01 3.372095307463923719e-01 -5.860666952045517908e-02 3.372095307463923719e-01 7.543814529949430803e-01 -1.656388471031896570e-01 -5.860666952045517908e-02 -1.656388471031896570e-01 6.686003806241039293e-02
3.107524003072806851e-01 -4.276303515896633378e-01 1.423650693083085006e-01 -4.276303515896633378e-01 6.195520666577526425e-01 -1.868594280954234410e-01 1.423650693083085006e-01 -1.868594280954234410e-01 6.969552859084914009e-02
1.651011916154584425e-01 3.473615025370436205e-01 -3.511442460292312634e-02 3.473615025370436205e-01 7.800907778634620371e-01 -7.755636380073359371e-02 -3.511442460292312634e-02 -7.755636380073359371e-02 5.480781835651101636e-02
6.796102414647607892e-01 3.234150091486651668e-01 -2.872449331082849167e-01 3.234150091486651668e-01 1.595316389988402361e-01 -1.506110296959147221e-01 -2.872449331082849167e-01 -1.506110296959147221e-01 1.608581491256536600e-01
9.000892553079415936e-01 1.990499786371128510e-01 2.045411635316646826e-01 1.990499786371128510e-01 4.616459955534227971e-02 4.397673130172370659e-02 2.045411635316646826e-01 4.397673130172370659e-02 5.374641381193359657e-02
2.916179571300419604e-01 -3.139671171814601980e-01 3.014615822162741710e-01 -3.139671171814601980e-01 3.466779205572260159e-01 -3.422982071973407203e-01 3.014615822162741710e-01 -3.422982071973407203e-01 3.617042237625553991e-01
1.911311548666278504e-01 -3.214437163599244696e-01 -1.810553535274392611e-01 -3.214437163599244696e-01 5.733375471476794827e-01 2.854654528963627702e-01 -1.810553535274392611e-01 2.854654528963627702e-01 2.355308887307060450e-01
9.907397211712097862e-01 3.480773709751043901e-04 -1.259128419151789476e-02 3.480773709751043901e-04 4.260872465196539026e-03 -1.196829760795619540e-04 -1.259128419151789476e-02 -1.196829760795619540e-04 4.999657275682151819e-03
5.726162792813753732e-01 -3.822491181359269907e-01 2.782231804716936430e-01 -3.822491181359269907e-01 2.722481934884851129e-01 -1.909563750908137292e-01 2.782231804716936430e-01 -1.909563750908137292e-01 1.551356659591419385e-01
1.242066343801701833e-01 3.092944466472740683e-01 3.801088713041211875e-02 3.092944466472740683e-01 7.870120027748572777e-01 7.511949851608223927e-02 3.801088713041211875e-02 7.511949851608223927e-02 8.878157404751085835e-02
4.149528656750843258e-01 -4.523734114884052082e-01 -1.790706417881856860e-01 -4.523734114884052082e-01 4.998107374679618964e-01 1.990527908036717475e-01 -1.790706417881856860e-01 1.990527908036717475e-01 8.523661004386215434e-02
1.057853512743521934e-01 2.807038963842868329e-01 8.893825286227634297e-02 2.807038963842868329e-01 7.698772836205598491e-01 2.237061444274443811e-01 8.893825286227634297e-02 2.237061444274443811e-01 1.243375524694922130e-01
3.905051056754846317e-01 -4.290238499058859345e-01 1.573083367108958630e-01 -4.290238499058859345e-01 4.897268440956842883e-01 -1.878565617109169972e-01 1.573083367108958630e-01 -1.878565617109169972e-01 1.197681939104023457e-01
5.283057586607684541e-01 4.077238304773951327e-01 -2.419312537856267986e-01 4.077238304773951327e-01 3.322926751161701109e-01 -2.076978969872483038e-01 -2.419312537856267986e-01 -2.076978969872483038e-01 1.394015281825169428e-01
9.169636658939062102e-01 1.914319899623591337e-02 -2.359859579893036630e-01 1.914319899623591337e-02 1.374318627782497235e-02 -1.498474982066742324e-02 -2.359859579893036630e-01 -1.498474982066742324e-02 6.929318064162226509e-02
8.673353163670260990e-01 2.957695213837183701e-01 6.175359647521753287e-02 2.957695213837183701e-01 1.090838630916431407e-01 2.505470439346925426e-02 6.175359647521753287e-02 2.505470439346925426e-02 2.358092911852402440e-02
2.083709712172546538e-02 -9.115614881292832816e-02 -2.099868024962802879e-02 -9.115614881292832816e-02 8.396078787667702326e-01 2.753729613828049261e-01 -2.099868024962802879e-02 2.753729613828049261e-01 1.395549507024400893e-01
1.912407517255483025e-01 -3.755682000094152651e-01 -8.010870698089693487e-02 -3.755682000094152651e-01 7.715970010690166303e-01 1.617308541959424917e-01 -8.010870698089693487e-02 1.617308541959424917e-01 3.716223802920450708e-02
7.668423961658364929e-01 3.651020934439360155e-01 -9.236525517220003922e-02 3.651020934439360155e-01 1.826812756399524007e-01 -6.105356756144444258e-02 -9.236525517220003922e-02 -6.105356756144444258e-02 5.047624373040852930e-02
4.669828594655046627e-01 -4.674704435072987163e-01 -4.927129068582661309e-02 -4.674704435072987163e-01 4.788767102773837658e-01 4.942402454854571969e-02 -4.927129068582661309e-02 4.942402454854571969e-02 5.414049054985537596e-02
5.913447488036928205e-03 2.800113414156942676e-02 -1.207702420722845532e-02 2.800113414156942676e-02 8.246754838343435257e-01 -2.241036730934342913e-01 -1.207702420722845532e-02 -2.241036730934342913e-01 1.694107842898070204e-01
3.000619351196654461e-01 4.196552287177164331e-01 7.843074196558033617e-02 4.196552287177164331e-01 6.092457183998171155e-01 1.410610292712350944e-01 7.843074196558033617e-02 1.410610292712350944e-01 9.069250312165060002e-02
7.734144464771800509e-01 1.964364303509684440e-01 -2.986824095272503365e-01 1.964364303509684440e-01 5.994896664163052585e-02 -9.623579934723518192e-02 -2.986824095272503365e-01 -9.623579934723518192e-02 1.666364008730878699e-01
1.106271449022948467e-01 2.975532687651732955e-01 -8.148768807193924879e-02 2.975532687651732955e-01 8.165421756213010474e-01 -2.194169306815034193e-01 -8.148768807193924879e-02 -2.194169306815034193e-01 7.283072875152425685e-02
3.753660218614340849e-01 -4.723625615670096201e-01 -9.326159674583735237e-02 -4.723625615670096201e-01 5.995648099389346841e-01 1.172344646119633793e-01 -9.326159674583735237e-02 1.172344646119633793e-01 2.506923484325987439e-02
3.057230644029819699e-01 3.932362815588095195e-01 2.273755536235685104e-01 3.932362815588095195e-01 5.178610534399827880e-01 2.992658835908544868e-01 2.273755536235685104e-01 2.992658835908544868e-01 1.764158178923628528e-01
9.153264648526576730e-01 1.647418384712762973e-01 1.869461926933120577e-02 1.647418384712762973e-01 7.078434235189738633e-02 1.324279575768077220e-02 1.869461926933120577e-02 1.324279575768077220e-02 1.388941905725154038e-02
1.984327215149153112e-01 3.590447036409695758e-01 -2.173634907612508396e-02 3.590447036409695758e-01 6.694222623815001549e-01 -7.453509341963912571e-02 -2.173634907612508396e-02 -7.453509341963912571e-02 1.321453104367502074e-01
3.455041830241352419e-02 1.073777233216490490e-01 4.804023459428791859e-02 1.073777233216490490e-01 4.453024667632929923e-01 3.635772559864540177e-01 4.804023459428791859e-02 3.635772559864540177e-01 5.201471203355891859e-01
1.039750740732425932e-01 2.323675625640686526e-01 1.352289275321971462e-01 2.323675625640686526e-01 5.707227026944202697e-01 3.859539227114579529e-01 1.352289275321971462e-01 3.859539227114579529e-01 3.253022779461993697e-01
4.798659746146511362e-01 -4.773353739667118290e-01 -1.028727065878399100e-01 -4.773353739667118290e-01 4.825723524761234007e-01 9.496690766375114057e-02 -1.028727065878399100e-01 9.496690766375114057e-02 3.756162568976283145e-02
1.350630342994879329e-01 -2.600039218110548056e-01 2.028765807560043155e-01 -2.600039218110548056e-01 5.421383662612135890e-01 -3.990297744155691939e-01 2.028765807560043155e-01 -3.990297744155691939e-01 3.227990364843617010e-01
4.587305069034901955e-02 1.899066427270068302e-01 -1.777370959569728529e-02 1.899066427270068302e-01 8.616626655157103576e-01 -1.107649465069339284e-01 -1.777370959569728529e-02 -1.107649465069339284e-01 9.246377272551199733e-02
4.875551450970744272e-02 2.072845899360085120e-01 -2.410606616578390288e-02 2.072845899360085120e-01 9.044251290337949056e-01 -1.264541337268804133e-01 -2.410606616578390288e-02 -1.264541337268804133e-01 4.681919409252066622e-02
2.177017246420941965e-01 -3.606217075348372436e-01 -1.251954768152795938e-01 -3.606217075348372436e-01 7.060027006714085784e-01 2.163114275161540923e-01 -1.251954768152795938e-01 2.163114275161540923e-01 7.629551180686167111e-02
8.063286425322150341e-01 2.914595086112534150e-01 1.346012124371184782e-01 2.914595086112534150e-01 1.062444413003278271e-01 4.258835941300570527e-02 1.346012124371184782e-01 4.258835941300570527e-02 8.742701683704860727e-02
7.806049308714977375e-01 -3.643540202837374786e-01 7.613134577444030660e-03 -3.643540202837374786e-01 1.945257831283341843e-01 -2.479750380448785332e-02 7.613134577444030660e-03 -2.479750380448785332e-02 2.486954270960653815e-02
1.250332670338289431e-01 -2.784683069780696241e-01 1.045373080162939478e-01 -2.784683069780696241e-01 6.638828879758719159e-01 -2.742424751283313866e-01 1.045373080162939478e-01 -2.742424751283313866e-01 2.110836828648509911e-01
2.106013664683202904e-02 1.338024739963772081e-01 1.612023794192019369e-02 1.338024739963772081e-01 9.323729764387096441e-01 9.274835676059713097e-02 1.612023794192019369e-02 9.274835676059713097e-02 4.656697599782474994e-02
8.811667462648226090e-02 -2.404756055367489320e-01 -6.481311521452088123e-03 -2.404756055367489320e-01 8.553416119584711375e-01 -2.703891880147942656e-02 -6.481311521452088123e-03 -2.703891880147942656e-02 5.654128254540490006e-02
4.141259225103581243e-01 -4.489755123054124941e-01 -1.774101586203645775e-01 -4.489755123054124941e-01 4.986734718381273246e-01 1.948851005703923223e-01 -1.774101586203645775e-01 1.948851005703923223e-01 8.720061187759954591e-02
5.261836363292271557e-01 2.871641215409419523e-01 2.369457132762737839e-01 2.871641215409419523e-01 1.763906084331580693e-01 6.937614986169970965e-02 2.369457132762737839e-01 6.937614986169970965e-02 2.974255979389259230e-01
5.254565952908287763e-01 -3.791224016871138081e-01 -2.995424561741057978e-01 -3.791224016871138081e-01 2.806169437188898996e-01 2.128931740185123489e-01 -2.995424561741057978e-01 2.128931740185123489e-01 1.939264951470213161e-01
8.289825727498317809e-01 2.691883286010663401e-01 1.211378393117426289e-01 2.691883286010663401e-01 8.874501232407974727e-02 3.235121741417455038e-02 1.211378393117426289e-01 3.235121741417455038e-02 8.227248305708476095e-02
4.169078852062567397e-02 1.604706584480554699e-01 5.513970358103865987e-02 1.604706584480554699e-01 7.396814768581538857e-01 3.265943431725147339e-01 5.513970358103865987e-02 3.265943431725147339e-01 2.186278046933209374e-01
2.570888394109735464e-02 1.348196564193192004e-01 -3.677199781191920619e-02 1.348196564193192004e-01 7.529768128600984323e-01 -2.420233007919578572e-01 -3.677199781191920619e-02 -2.420233007919578572e-01 2.213142965015246488e-01
5.653040809152758417e-01 3.678053985015156679e-01 -3.089344899629175578e-01 3.678053985015156679e-01 2.453334644132198761e-01 -2.091868521216805055e-01 -3.089344899629175578e-01 -2.091868521216805055e-01 1.893625273653274654e-01
2.056988716919705140e-01 -3.670056411318252110e-01 -1.508253894512852356e-01 -3.670056411318252110e-01 6.765390965441524518e-01 2.757808629633584085e-01 -1.508253894512852356e-01 2.757808629633584085e-01 1.177620571340408373e-01
9.220941768159501839e-01 1.623617479347547188e-01 1.802504481633623867e-01 1.623617479347547188e-01 3.473764875931936030e-02 3.264624130107308952e-02 1.802504481633623867e-01 3.264624130107308952e-02 4.316845690891945447e-02
3.382728880126330551e-01 4.295900371646247384e-01 8.815946799069440676e-02 4.295900371646247384e-01 5.580376757664641252e-01 1.344006946366474164e-01 8.815946799069440676e-02 1.344006946366474164e-01 1.036892167697533451e-01
3.129093413307463406e-02 -1.432299960211008139e-01 -1.672142961690796861e-02 -1.432299960211008139e-01 9.193751033760985125e-01 4.657372381163120932e-03 -1.672142961690796861e-02 4.657372381163120932e-03 4.933399089627845541e-02
1.217547855238324261e-01 -3.006248644435127737e-01 7.918640728116184413e-02 -3.006248644435127737e-01 7.670051425451652749e-01 -2.128649342300360792e-01 7.918640728116184413e-02 -2.128649342300360792e-01 1.112399987709433574e-01
4.653779589943429079e-02 -1.882424868206996615e-01 8.491578304585326031e-02 -1.882424868206996615e-01 7.945778675995071039e-01 -3.420985846234776973e-01 8.491578304585326031e-02 -3.420985846234776973e-01 1.588841918645635676e-01
1.409128884363442247e-01 2.821443814647716097e-01 3.345192032110904084e-03 2.821443814647716097e-01 7.828731456869560956e-01 -7.942990679619477135e-02 3.345192032110904084e-03 -7.942990679619477135e-02 7.621390348369030954e-02
9.987980528121465085e-02 1.928870935707776291e-01 8.192643764479831670e-02 1.928870935707776291e-01 4.799828676203413691e-01 3.475222573168478823e-01 8.192643764479831670e-02 3.475222573168478823e-01 4.201372237357842154e-01
8.715411780065713820e-01 -3.269238897163443958e-01 2.199717571091330814e-02 -3.269238897163443958e-01 1.271854135617050408e-01 -8.020024536690553707e-03 2.199717571091330814e-02 -8.020024536690553707e-03 1.273504348570884135e-03
5.243931873913303121e-03 -3.821139401975549854e-02 -3.697335758206896084e-03 -3.821139401975549854e-02 9.176279012202036567e-01 3.785152759383598325e-02 -3.697335758206896084e-03 3.785152759383598325e-02 7.712827196896071547e-02
5.384566973910300813e-01 -4.696484934350808604e-01 6.419394994963349699e-02 -4.696484934350808604e-01 4.371970067751914102e-01 -4.784234533612949369e-02 6.419394994963349699e-02 -4.784234533612949369e-02 2.434625797279716883e-02
7.069197525583345021e-01 3.658360420867389773e-01 -2.218811533986195239e-01 3.658360420867389773e-01 1.926622547816495279e-01 -1.240179072366406621e-01 -2.218811533986195239e-01 -1.240179072366406621e-01 1.004179425649599222e-01
2.936246113343749520e-01 3.021311190318320405e-01 -2.154323433400495702e-01 3.021311190318320405e-01 3.582776431975734366e-01 -3.107500619294231714e-01 -2.154323433400495702e-01 -3.107500619294231714e-01 3.480977478442826012e-01
1.303822486194766532e-02 2.043389453513249840e-02 2.569568232285117729e-02 2.043389453513249840e-02 7.942774299864711063e-01 -2.581814807556856994e-01 2.569568232285117729e-02 -2.581814807556856994e-01 1.926845886238102434e-01
5.548267939705275875e-01 4.045636672257915678e-01 -2.744061871204999670e-01 4.045636672257915678e-01 3.011219079356277084e-01 -2.068043296975321244e-01 -2.744061871204999670e-01 -2.068043296975321244e-01 1.440513531033480454e-01
9.922430264447477111e-01 4.252533041777989409e-02 -1.120069935201512684e-02 4.252533041777989409e-02 2.264176385224644841e-03 -1.381442884205988245e-03 -1.120069935201512684e-02 -1.381442884205988245e-03 5.493195921557202273e-03
8.937521570996561637e-01 -2.830024547772019283e-01 2.962613955932397181e-02 -2.830024547772019283e-01 9.657182324969688925e-02 -1.254537961256248571e-02 2.962613955932397181e-02 -1.254537961256248571e-02 9.675943755424668349e-03
2.082024600390607327e-01 3.822132021691247994e-01 3.760162796922244394e-02 3.822132021691247994e-01 7.224089129029299672e-01 8.639663343255142569e-02 3.760162796922244394e-02 8.639663343255142569e-02 6.938857716754626148e-02
6.116932710043397892e-01 4.326468310855013932e-01 3.923644080923475996e-02 4.326468310855013932e-01 3.526295261803983894e-01 6.390502507651048270e-02 3.923644080923475996e-02 6.390502507651048270e-02 3.567697704298413569e-02
2.620752698396383584e-01 -3.140471651564221700e-01 2.790417479711028714e-01 -3.140471651564221700e-01 3.863140246237332098e-01 -3.478361571166769806e-01 2.790417479711028714e-01 -3.478361571166769806e-01 3.516104334374941520e-01
2.172704750558077449e-02 -1.029826693568687418e-01 -1.161671965860417745e-02 -1.029826693568687418e-01 9.427388063667273554e-01 4.738257452897020466e-02 -1.161671965860417745e-02 4.738257452897020466e-02 3.553409919598569944e-02
7.319038506523026788e-01 2.372011573531761230e-01 2.623930425302937186e-01 2.372011573531761230e-01 8.530842729300618099e-02 5.926293509512628455e-02 2.623930425302937186e-01 5.926293509512628455e-02 1.827874443293953655e-01
7.354057615455560359e-01 -4.321204648122369263e-01 1.061778719061455024e-02 -4.321204648122369263e-01 2.616213373986788771e-01 -3.476959440049763508e-03 1.061778719061455024e-02 -3.476959440049763508e-03 2.972768557744373888e-03
2.435329684121791127e-01 -3.521628172152450054e-01 -2.238479597592580861e-01 -3.521628172152450054e-01 5.383618890567118953e-01 3.358080598080518397e-01 -2.238479597592580861e-01 3.358080598080518397e-01 2.181053693613319300e-01
6.386900408445107813e-02 -2.102339196542170052e-01 -5.860964304756037524e-02 -2.102339196542170052e-01 8.383629077173375688e-01 2.440750229412927408e-01 -5.860964304756037524e-02 2.440750229412927408e-01 9.776831465638688434e-02
9.351855959529847828e-01 -8.219786731965431081e-02 4.815822499582659427e-02 -8.219786731965431081e-02 1.490930616523467901e-02 -1.544739872140452400e-02 4.815822499582659427e-02 -1.544739872140452400e-02 4.990533742225100600e-02
9.265503765673093958e-03 7.704168137815833872e-02 -1.822656674444660813e-02 7.704168137815833872e-02 8.990092825829973933e-01 -2.055317014184683544e-01 -1.822656674444660813e-02 -2.055317014184683544e-01 9.172511855246935630e-02
2.898939182002522319e-01 -3.473832176389071713e-01 2.517165140863889539e-01 -3.473832176389071713e-01 4.344296994839234038e-01 -3.301421471863440482e-01 2.517165140863889539e-01 -3.301421471863440482e-01 2.756764513200531952e-01
5.808581797508765021e-01 -2.467562582905431234e-01 3.679320292679023607e-01 -2.467562582905431234e-01 1.132024046207193990e-01 -1.758916839899078433e-01 3.679320292679023607e-01 -1.758916839899078433e-01 3.059394115189379981e-01
2.416133291470140207e-02 1.200413927369987921e-01 1.769956250655061250e-02 1.200413927369987921e-01 7.867963672744191506e-01 1.059571890133174758e-02 1.769956250655061250e-02 1.059571890133174758e-02 1.890422578893282690e-01
8.852273121194740302e-01 -2.066220903118346774e-01 -2.009664444604901956e-01 -2.066220903118346774e-01 5.444073204253217085e-02 4.505107906051308841e-02 -2.009664444604901956e-01 4.505107906051308841e-02 6.033200645605014956e-02
2.233195190859565138e-01 4.027338975875236482e-01 -4.574005180321785713e-02 4.027338975875236482e-01 7.328979825265512504e-01 -8.555668730732192417e-02 -4.574005180321785713e-02 -8.555668730732192417e-02 4.378259467841853075e-02
4.631462604083424472e-01 4.590799838985122339e-01 5.286387578822589889e-02 4.590799838985122339e-01 4.616893017086636797e-01 3.376301742992977861e-02 5.286387578822589889e-02 3.376301742992977861e-02 7.516428426561108656e-02
8.038786556148519447e-01 2.491090468013728784e-02 -2.936249667156661802e-01 2.491090468013728784e-02 2.563971036155854658e-02 -4.389092161000882758e-02 -2.936249667156661802e-01 -4.389092161000882758e-02 1.704815860240717629e-01
4.436354627060002873e-03 -4.292616678518265672e-02 1.370405475164939921e-02 -4.292616678518265672e-02 8.640556420066367593e-01 -2.596597131940217018e-01 1.370405475164939921e-02 -2.596597131940217018e-01 1.315082465753464325e-01
3.260427050462685189e-02 1.604480375950150250e-01 -7.192575179354006136e-03 1.604480375950150250e-01 9.574913149452930483e-01 -4.437083356611846996e-02 -7.192575179354006136e-03 -4.437083356611846996e-02 9.904467454284500774e-03
1.068211785434635130e-01 2.691669896567436826e-01 -9.496515105901262577e-02 2.691669896567436826e-01 7.291596047949117088e-01 -2.987031530371321852e-01 -9.496515105901262577e-02 -2.987031530371321852e-01 1.640190269103224685e-01
7.384088881276571481e-01 -1.356014913887010620e-01 2.745937864882889157e-01 -1.356014913887010620e-01 3.008730644148102651e-02 -6.849304293638611152e-02 2.745937864882889157e-01 -6.849304293638611152e-02 2.315039447815640805e-01
9.020329271024143392e-01 2.029614883759738725e-02 -8.337467705840256871e-02 2.029614883759738725e-02 4.836615506120546353e-03 -1.597384536637861405e-03 -8.337467705840256871e-02 -1.597384536637861405e-03 9.313058054554557152e-02
7.450208236242064075e-01 3.050932582745982113e-01 -2.601074709171902755e-01 3.050932582745982113e-01 1.320423976912664665e-01 -1.198464676807350499e-01 -2.601074709171902755e-01 -1.198464676807350499e-01 1.229370423804348605e-01
8.479554095457859653e-01 -3.304539315422488910e-01 -3.959290956983781834e-02 -3.304539315422488910e-01 1.391720710066205458e-01 1.477245545229378433e-02 -3.959290956983781834e-02 1.477245545229378433e-02 1.287243736727172391e-02
8.841898192738519846e-01 -2.945515316175243981e-01 6.425632403990931552e-02 -2.945515316175243981e-01 1.055101126581265980e-01 -1.698147481090246658e-02 6.425632403990931552e-02 -1.698147481090246658e-02 1.030007534962109998e-02
1.428532929739234070e-01 -3.315385378879939782e-01 -6.194527139751579425e-02 -3.315385378879939782e-01 8.254563950467399547e-01 1.552419603619756838e-01 -6.194527139751579425e-02 1.552419603619756838e-01 3.169015514565172442e-02
9.360808429026075406e-02 -2.682422999405432162e-01 -3.852141538520580805e-02 -2.682422999405432162e-01 8.871232807621437511e-01 1.275094032393128685e-01 -3.852141538520580805e-02 1.275094032393128685e-01 1.926881754777659897e-02
8.560562040337824641e-01 -7.903559802976363458e-02 -1.848895015259004182e-01 -7.903559802976363458e-02 3.295175726377167630e-02 -2.052185514930291235e-02 -1.848895015259004182e-01 -2.052185514930291235e-02 1.109920344242552731e-01
9.516408323521627910e-01 -1.537105266213095733e-01 -1.901923536295207010e-02 -1.537105266213095733e-01 4.517490978230770393e-02 8.698110311242855056e-04 -1.901923536295207010e-02 8.698110311242855056e-04 3.184187664297742030e-03
5.784726388164194155e-01 -3.633461976336135879e-01 -3.040341453521038795e-01 -3.633461976336135879e-01 2.391519662196125440e-01 1.910270104799943469e-01 -3.040341453521038795e-01 1.910270104799943469e-01 1.823756324385496230e-01
8.149768575184327402e-01 -1.445706328399854745e-01 -2.845063611863953290e-01 -1.445706328399854745e-01 3.714865847564982615e-02 2.984002966987575958e-02 -2.845063611863953290e-01 2.984002966987575958e-02 1.478746514721777650e-01
8.786003002637393644e-01 -1.364198392045440078e-01 -2.695394170024993930e-01 -1.364198392045440078e-01 2.918946810482750745e-02 3.607691919365782485e-02 -2.695394170024993930e-01 3.607691919365782485e-02 9.221026146308680671e-02
7.269188415899224820e-01 2.693053220042630480e-01 1.767470432492910526e-01 2.693053220042630480e-01 1.059700503485701273e-01 4.114781166231055998e-02 1.767470432492910526e-01 4.114781166231055998e-02 1.671112943350860358e-01
8.128279684859713861e-01 3.447781945755740707e-01 1.056206357226635029e-01 3.447781945755740707e-01 1.570390340654491679e-01 5.252890845328315322e-02 1.056206357226635029e-01 5.252890845328315322e-02 3.013317694799072868e-02
6.944626658951624787e-01 4.262367361914440878e-01 8.590677271091609613e-02 4.262367361914440878e-01 2.926276288948786442e-01 5.424126888609197283e-02 8.590677271091609613e-02 5.424126888609197283e-02 1.291005295777019647e-02
9.574866455839089463e-01 1.282709404656005858e-01 7.133582068194886661e-02 1.282709404656005858e-01 2.932175677351417029e-02 1.489747492193368994e-02 7.133582068194886661e-02 1.489747492193368994e-02 1.319185428858487240e-02
1.174766972530606191e-01 2.959861842589205372e-01 -8.359828539859176511e-02 2.959861842589205372e-01 8.169265977364018605e-01 -2.137786807388484533e-01 -8.359828539859176511e-02 -2.137786807388484533e-01 6.559651501678864793e-02
5.368759015596561435e-01 -6.969839752061536553e-02 4.664251992863611140e-01 -6.969839752061536553e-02 1.956600807307908030e-02 -7.877399005280387445e-02 4.664251992863611140e-01 -7.877399005280387445e-02 4.435581251438294181e-01
4.713389686205078123e-03 1.419204930806991158e-02 -7.302587452477513064e-03 1.419204930806991158e-02 8.780866039492266628e-01 2.669367565667072340e-01 -7.302587452477513064e-03 2.669367565667072340e-01 1.172000897804752056e-01
1.464482449393823271e-01 3.169148922275455971e-01 -1.376351004486076335e-01 3.169148922275455971e-01 6.913840599400888909e-01 -3.037118883222139076e-01 -1.376351004486076335e-01 -3.037118883222139076e-01 1.621674193052685675e-01
9.002438707132970341e-01 -2.591547420469739738e-01 5.907643893969933419e-02 -2.591547420469739738e-01 8.232713685617625010e-02 -7.588688435832394164e-03 5.907643893969933419e-02 -7.588688435832394164e-03 1.742875681565236520e-02
1.435934443577692975e-02 -1.267441092073638698e-02 -5.651662475425423861e-03 -1.267441092073638698e-02 9.659075111413238934e-01 7.204638729029921862e-02 -5.651662475425423861e-03 7.204638729029921862e-02 1.973345107563113585e-02
1.089630506569638640e-01 -2.438813926267563159e-01 -1.834836538101322356e-01 -2.438813926267563159e-01 5.536756510417660815e-01 4.191248798561009736e-01 -1.834836538101322356e-01 4.191248798561009736e-01 3.373615231312301344e-01
5.652236003828012278e-03 -9.473610377986833170e-04 -1.321647534887334698e-02 -9.473610377986833170e-04 8.509027551366767916e-01 3.004330961107671838e-01 -1.321647534887334698e-02 3.004330961107671838e-01 1.434449586880462146e-01
5.102195496779290407e-01 -4.564176085709506503e-01 7.246473316227855510e-02 -4.564176085709506503e-01 4.117679068252209640e-01 -7.509832145624813216e-02 7.246473316227855510e-02 -7.509832145624813216e-02 7.801271377718890787e-02
1.666495597531690229e-02 -9.574669374864928917e-02 -2.704938703275919579e-02 -9.574669374864928917e-02 8.384133662539795528e-01 2.606780472311123753e-01 -2.704938703275919579e-02 2.606780472311123753e-01 1.449217710180134289e-01
5.036224176234842531e-01 3.952455538081970920e-01 1.803348180220822883e-01 3.952455538081970920e-01 3.233212336143664878e-01 1.058282322084344168e-01 1.803348180220822883e-01 1.058282322084344168e-01 1.730562899207489791e-01
1.044592713607026338e-02 8.588749162643234680e-02 1.849327304878532058e-02 8.588749162643234680e-02 9.328449094108977047e-01 1.489731715637898080e-01 1.849327304878532058e-02 1.489731715637898080e-01 5.670917000175918626e-02
2.543945437220777039e-01 4.205595174370324041e-01 -7.479064879106832146e-05 4.205595174370324041e-01 7.073225195038800317e-01 -1.879368510255684591e-02 -7.479064879106832146e-05 -1.879368510255684591e-02 3.828316305947835479e-02
3.712289586721867485e-01 4.536160455586855100e-01 -1.050767851034716260e-01 4.536160455586855100e-01 5.794343018338629081e-01 -1.465569537799489563e-01 -1.050767851034716260e-01 -1.465569537799489563e-01 4.933632553152645511e-02
6.376632716777744930e-03 2.279762408071425890e-03 1.340541994081639529e-02 2.279762408071425890e-03 9.405460356041646097e-01 -9.939472624721662486e-02 1.340541994081639529e-02 -9.939472624721662486e-02 5.307746166495433404e-02
3.584285356667492595e-01 4.613292922933639462e-01 6.437214888253445233e-02 4.613292922933639462e-01 6.017845902189121743e-01 9.606770450853779897e-02 6.437214888253445233e-02 9.606770450853779897e-02 3.978693557206295500e-02
7.165793409002779724e-02 -2.179035734775523203e-01 1.108545961957734388e-01 -2.179035734775523203e-01 7.060165628412793382e-01 -3.522444616647980586e-01 1.108545961957734388e-01 -3.522444616647980586e-01 2.223258244986374976e-01
7.410742031976197408e-01 -1.811969520924468779e-01 2.784790664895175905e-01 -1.811969520924468779e-01 4.995600929664469059e-02 -8.650932789987851590e-02 2.784790664895175905e-01 -8.650932789987851590e-02 2.089697577303033516e-01
7.753990782180230079e-01 3.627006737977425121e-01 -9.946607049284732216e-02 3.627006737977425121e-01 1.995980982801154324e-01 -6.372699824922170575e-02 -9.946607049284732216e-02 -6.372699824922170575e-02 2.500257944189430634e-02
6.090852308342508126e-01 3.981381927591907677e-01 -2.574455946416140395e-01 3.981381927591907677e-01 2.717684429008628832e-01 -1.727694493165144174e-01 -2.574455946416140395e-01 -1.727694493165144174e-01 1.191462592115520858e-01
1.934981959502578563e-01 3.722473875167168766e-01 -1.100635572122928008e-01 3.722473875167168766e-01 7.279926482815822775e-01 -2.246279309715637218e-01 -1.100635572122928008e-01 -2.246279309715637218e-01 7.850945710069026640e-02
2.433015342051491059e-01 4.116721827506131803e-01 -7.109698671837053063e-02 4.116721827506131803e-01 7.077135524714778247e-01 -1.240462630846063397e-01 -7.109698671837053063e-02 -1.240462630846063397e-01 4.898505750234197903e-02
8.564027585527542730e-01 1.948888442875610083e-01 1.480170801151362570e-01 1.948888442875610083e-01 5.145086353719156153e-02 1.695379035702333434e-02 1.480170801151362570e-01 1.695379035702333434e-02 9.214619073997225296e-02
3.237311115034977593e-01 4.475858725001516381e-01 4.157242476475717791e-02 4.475858725001516381e-01 6.487780770674101971e-01 5.162151411290887698e-02 4.157242476475717791e-02 5.162151411290887698e-02 2.749069369933162740e-02
2.750518275589999284e-01 -4.067292392421027469e-01 -1.643070239543309441e-01 -4.067292392421027469e-01 6.117293680921612742e-01 2.513412765354356981e-01 -1.643070239543309441e-01 2.513412765354356981e-01 1.132188579600002937e-01
2.565826529173751216e-02 -1.330015293587171465e-01 -4.457660097830721396e-02 -1.330015293587171465e-01 8.869040003399427663e-01 2.251797501728208806e-01 -4.457660097830721396e-02 2.251797501728208806e-01 8.743735549100661864e-02
6.577661460081251077e-01 3.807840713806994737e-01 -2.560133831926642012e-01 3.807840713806994737e-01 2.239214076196922587e-01 -1.547971797964738938e-01 -2.560133831926642012e-01 -1.547971797964738938e-01 1.183123330344283963e-01
9.669316427849047324e-01 5.934087512772148743e-02 1.411179455945960615e-01 5.934087512772148743e-02 8.254527291182086474e-03 1.180348785450248059e-02 1.411179455945960615e-01 1.180348785450248059e-02 2.481399107381550978e-02
6.349162601312473564e-01 -3.179668390703715430e-01 -2.841385476166454760e-01 -3.179668390703715430e-01 1.901954067967300266e-01 1.408652118943239384e-01 -2.841385476166454760e-01 1.408652118943239384e-01 1.748880186247647739e-01
1.562152912921328241e-01 3.373110773251480343e-01 -1.217317185615226088e-01 3.373110773251480343e-01 7.441591746785215511e-01 -2.711088338262767627e-01 -1.217317185615226088e-01 -2.711088338262767627e-01 9.962550722014790194e-02
8.931782848161674560e-01 2.878484300743053975e-02 -5.564323906793413460e-02 2.878484300743053975e-02 5.037840287203177933e-03 -1.566638728701888819e-02 -5.564323906793413460e-02 -1.566638728701888819e-02 1.017837799044876979e-01
6.666419886234724312e-02 -2.233429779488873002e-01 -2.722401148561777798e-02 -2.233429779488873002e-01 9.128003241311843929e-01 1.280280512641051860e-01 -2.722401148561777798e-02 1.280280512641051860e-01 2.053566303200371132e-02
1.841669759318969452e-02 -9.423902527865808676e-02 4.492898204887464143e-03 -9.423902527865808676e-02 9.588504598594221884e-01 2.900327653394286012e-02 4.492898204887464143e-03 2.900327653394286012e-02 2.273251432825649024e-02
1.481276981483399015e-02 9.506205452048456517e-02 -2.598679392382755374e-02 9.506205452048456517e-02 8.807034051900434202e-01 -2.641240231192355514e-01 -2.598679392382755374e-02 -2.641240231192355514e-01 1.044834509456652738e-01
2.211522798581527227e-01 3.980114741342202778e-01 -6.974156827100007339e-02 3.980114741342202778e-01 7.291259861419433497e-01 -1.251216435632327983e-01 -6.974156827100007339e-02 -1.251216435632327983e-01 4.972193268975061420e-02
5.875999507572267078e-01 -1.131195868926469367e-01 -3.967121585767778291e-01 -1.131195868926469367e-01 4.147853257168989533e-02 4.548171607449982140e-02 -3.967121585767778291e-01 4.548171607449982140e-02 3.709215862580764189e-01
1.691497173863612258e-01 3.516779640452718514e-01 -7.032872541113724396e-02 3.516779640452718514e-01 7.558908794992478253e-01 -1.739867185690677498e-01 -7.032872541113724396e-02 -1.739867185690677498e-01 7.495940089987984667e-02
8.803038799100346701e-01 -1.405619689339061562e-01 -2.394025703437592800e-01 -1.405619689339061562e-01 3.482145600471255042e-02 4.256819267920507188e-02 -2.394025703437592800e-01 4.256819267920507188e-02 8.487493429008342860e-02
3.087723775140882240e-02 1.278934272266084859e-01 9.966834883001987611e-02 1.278934272266084859e-01 5.486482629544011669e-01 4.495180810832597462e-01 9.966834883001987611e-02 4.495180810832597462e-01 4.204741934840266482e-01
2.461337473634168937e-02 1.239848136086920682e-01 -3.525926526253568560e-02 1.239848136086920682e-01 8.274763615070250822e-01 -2.685058834744873946e-01 -3.525926526253568560e-02 -2.685058834744873946e-01 1.479100376315024279e-01
2.261343650240306147e-01 -3.759955654134233827e-01 -1.658816915863609298e-01 -3.759955654134233827e-01 6.356102277951508617e-01 2.780196117434843295e-01 -1.658816915863609298e-01 2.780196117434843295e-01 1.382555592069873995e-01
6.072589012253145624e-01 -1.162910417567461635e-01 4.031603714692181817e-01 -1.162910417567461635e-01 3.621335776744049467e-02 -1.105363392099509290e-01 4.031603714692181817e-01 -1.105363392099509290e-01 3.565278585354185736e-01
4.559846751103755792e-03 3.423375200763070086e-02 2.086891895772474692e-02 3.423375200763070086e-02 5.971790909840193340e-01 4.490503774678966109e-01 2.086891895772474692e-02 4.490503774678966109e-01 3.982607544233937591e-01
3.711228459883131880e-01 4.550781793398326891e-01 -4.259897439852981804e-02 4.550781793398326891e-01 5.730905987823990966e-01 -4.594158671677767147e-02 -4.259897439852981804e-02 -4.594158671677767147e-02 5.578635443093499235e-02
5.705625028631017281e-01 -3.779251426973729289e-01 2.774825640835761331e-01 -3.779251426973729289e-01 2.625005795084157656e-01 -1.919970219659216382e-01 2.774825640835761331e-01 -1.919970219659216382e-01 1.669370161931360008e-01
1.219830243289703464e-01 -3.128801806614227576e-01 -1.096281917942045804e-02 -3.128801806614227576e-01 8.737656960613927604e-01 3.395561885890088089e-02 -1.096281917942045804e-02 3.395561885890088089e-02 4.250932253121112413e-03
8.669771925672882240e-01 -2.356391682408644772e-01 -1.222185061304398301e-01 -2.356391682408644772e-01 7.323394633102189855e-02 4.441193126976912542e-02 -1.222185061304398301e-01 4.441193126976912542e-02 5.978868407995265033e-02
4.599193679694467130e-01 4.770766312374332130e-01 8.202964562836559392e-02 4.770766312374332130e-01 5.063696640352446376e-01 7.237227149242124458e-02 8.202964562836559392e-02 7.237227149242124458e-02 3.371095201020491566e-02
7.245048417211877867e-01 2.496238738207722241e-01 2.244220390728770831e-01 2.496238738207722241e-01 8.702103242147692097e-02 6.778533412201877273e-02 2.244220390728770831e-01 6.778533412201877273e-02 1.884742185038609519e-01
9.871497278798426755e-01 2.040711771307894204e-02 6.595910350657537002e-02 2.040711771307894204e-02 6.643107069576113625e-03 -1.235237426833936392e-03 6.595910350657537002e-02 -1.235237426833936392e-03 6.206865187153481726e-03
6.341928361211931486e-01 -1.253376515511040457e-01 3.844247871153311791e-01 -1.253376515511040457e-01 3.194568662864027270e-02 -9.752920016298501082e-02 3.844247871153311791e-01 -9.752920016298501082e-02 3.338615801994001542e-01
5.639413736481470041e-01 -3.549822149824827244e-01 3.164540632453690105e-01 -3.549822149824827244e-01 2.325743536134770584e-01 -2.009568125983687559e-01 3.164540632453690105e-01 -2.009568125983687559e-01 2.034843159499364618e-01
9.030565162761718945e-01 -1.444944562092367879e-01 3.590600611497553329e-02 -1.444944562092367879e-01 3.179310506925032975e-02 -2.473218103728824779e-02 3.590600611497553329e-02 -2.473218103728824779e-02 6.515038547601589847e-02
6.254628757050219034e-01 3.600684752863317524e-03 -3.871865170149396129e-01 3.600684752863317524e-03 3.108855591866171650e-02 -5.679284768748695672e-02 -3.871865170149396129e-01 -5.679284768748695672e-02 3.434485866126613662e-01
3.628648822059546974e-01 4.270173864299086075e-01 7.859345023487775139e-02 4.270173864299086075e-01 5.270832134736975760e-01 4.722485264320577802e-02 7.859345023487775139e-02 4.722485264320577802e-02 1.100518470597416226e-01
9.477898233279069551e-01 -1.977760169395679501e-01 2.870822964459881360e-02 -1.977760169395679501e-01 4.862093319502830413e-02 -6.613181300532096699e-03 2.870822964459881360e-02 -6.613181300532096699e-03 3.589249428159308006e-03
6.966544486283778870e-01 3.841427751108896782e-01 -8.026665037402219705e-02 3.841427751108896782e-01 2.177523354245172738e-01 -6.215252861017772634e-02 -8.026665037402219705e-02 -6.215252861017772634e-02 8.559322158852648854e-02
7.238246745130684223e-01 -1.428428770611432086e-01 -3.034497719676942928e-01 -1.428428770611432086e-01 6.237917322228207079e-02 6.723787479878480002e-03 -3.034497719676942928e-01 6.723787479878480002e-03 2.137961467203326749e-01
7.425761914751366488e-01 9.237759427622668773e-02 1.790556833187744723e-01 9.237759427622668773e-02 4.495337968843696186e-02 -4.778598836536354644e-02 1.790556833187744723e-01 -4.778598836536354644e-02 2.124702883739251202e-01
3.188643475119193327e-02 1.606751287877059009e-01 -1.740649477755000854e-02 1.606751287877059009e-01 8.382465313103641957e-01 -1.276387842825084107e-01 -1.740649477755000854e-02 -1.276387842825084107e-01 1.298668104089019393e-01
1.525749743082341695e-02 6.751851338103219413e-02 5.627763504307701364e-02 6.751851338103219413e-02 3.952265056300848789e-01 4.252174590497271867e-01 5.627763504307701364e-02 4.252174590497271867e-01 5.895158827492612552e-01
4.649441591158581244e-01 2.303156059290693003e-01 -3.274894553843402667e-01 2.303156059290693003e-01 1.669961570925496686e-01 -2.410746365695746740e-01 -3.274894553843402667e-01 -2.410746365695746740e-01 3.680598520561416676e-01
2.260940215794700336e-01 3.806617508637866187e-01 -1.302351913312510823e-01 3.806617508637866187e-01 6.595495814962951675e-01 -2.459067431210158194e-01 -1.302351913312510823e-01 -2.459067431210158194e-01 1.143565491505888349e-01
2.857762762773849094e-02 1.428382071645254714e-01 -1.238261345730103970e-02 1.428382071645254714e-01 8.819408603425015203e-01 -3.351988436600804311e-02 -1.238261345730103970e-02 -3.351988436600804311e-02 8.948141846277513078e-02
3.923137762877989543e-01 4.561962667412490791e-01 -7.875383559145182621e-02 4.561962667412490791e-01 5.339405807877931620e-01 -8.178585721170789080e-02 -7.875383559145182621e-02 -8.178585721170789080e-02 7.374541915454742302e-02
5.473404783647374539e-02 -2.024334552621520344e-01 -1.252606052385333950e-02 -2.024334552621520344e-01 8.813659618950424601e-01 -1.659408848226038430e-02 -1.252606052385333950e-02 -1.659408848226038430e-02 6.389998384723208358e-02
7.033412798707469049e-01 -1.292331525407097448e-01 3.538127626242560386e-01 -1.292331525407097448e-01 3.516210596738125055e-02 -9.183591377591786287e-02 3.538127626242560386e-01 -9.183591377591786287e-02 2.614964454980657216e-01
8.868889435843957392e-02 2.317785256080995560e-01 -1.291585913961118548e-01 2.317785256080995560e-01 6.686074546180665878e-01 -2.950287193560015009e-01 -1.291585913961118548e-01 -2.950287193560015009e-01 2.427037620593300860e-01
1.688983118516945436e-01 3.103826571943610890e-01 1.401310045551376615e-01 3.103826571943610890e-01 6.135042975751398009e-01 2.948067871957752994e-01 1.401310045551376615e-01 2.948067871957752994e-01 2.175973584100662772e-01
6.687601613968161551e-01 3.209801647298603511e-01 -3.060271954248682258e-01 3.209801647298603511e-01 1.604144619597177579e-01 -1.590112077256848055e-01 -3.060271954248682258e-01 -1.590112077256848055e-01 1.708255024571278813e-01
1.021637511384652225e-02 -7.975294349193549903e-02 2.191460892660525295e-02 -7.975294349193549903e-02 9.159867120962664755e-01 -1.458033150072070294e-01 2.191460892660525295e-02 -1.458033150072070294e-01 7.379671060123450810e-02
1.107499242606827666e-02 9.792234167924959709e-02 -1.365767656624980106e-02 9.792234167924959709e-02 9.460128952734064844e-01 -1.644018096171607490e-01 -1.365767656624980106e-02 -1.644018096171607490e-01 4.291181634367337988e-02
8.882193754281083597e-01 -1.771096327500372714e-01 -1.388680827469746526e-01 -1.771096327500372714e-01 4.762096477827441887e-02 9.371401695468994583e-03 -1.388680827469746526e-01 9.371401695468994583e-03 6.415969458578503481e-02
6.426007975860633659e-01 4.097492626263797288e-01 1.881247934700589625e-02 4.097492626263797288e-01 2.829746327069227463e-01 1.900033969125410060e-02 1.881247934700589625e-02 1.900033969125410060e-02 7.442462460131160640e-02
