4.039415717913734660e-01 3.924659855469231351e-01 -2.624110725870052452e-01 3.924659855469231351e-01 3.839499452598227891e-01 -2.543480392003309443e-01 -2.624110725870052452e-01 -2.543480392003309443e-01 2.121085952249578133e-01
6.550803805888338882e-02 1.828498900395448823e-01 1.250405339366967294e-01 1.828498900395448823e-01 5.551525018966362301e-01 3.921107545182155318e-01 1.250405339366967294e-01 3.921107545182155318e-01 3.793393593022320043e-01
7.879156132543158053e-02 -1.777119400564226015e-01 1.623326573747140567e-01 -1.777119400564226015e-01 5.431431263412110910e-01 -3.908396398447470110e-01 1.623326573747140567e-01 -3.908396398447470110e-01 3.780653440668048093e-01
9.490057630087786467e-02 6.007138486815654516e-02 -1.688144838042043572e-01 6.007138486815654516e-02 2.248040335304698489e-01 1.452903901196377912e-01 -1.688144838042043572e-01 1.452903901196377912e-01 6.802948893635463179e-01
5.255424604021671081e-02 2.121741850694417158e-03 1.422872892917199927e-01 2.121741850694417158e-03 8.613165707577004684e-03 5.677690110714171678e-02 1.422872892917199927e-01 5.677690110714171678e-02 9.388323206367887863e-01
4.678608324988645650e-01 2.963879239994366976e-01 -3.802477972255093874e-01 2.963879239994366976e-01 1.965386819450146982e-01 -2.519746399709192342e-01 -3.802477972255093874e-01 -2.519746399709192342e-01 3.356004682054565258e-01
7.436742872305217578e-01 2.360045211304129531e-01 -1.245734234384066746e-01 2.360045211304129531e-01 8.584441110216539661e-02 -7.122776490889252965e-02 -1.245734234384066746e-01 -7.122776490889252965e-02 1.704814313114199342e-01
5.927950408925409392e-02 -1.428127393042359916e-01 -1.010879748883296431e-01 -1.428127393042359916e-01 3.537687805144926201e-01 2.831599936168092690e-01 -1.010879748883296431e-01 2.831599936168092690e-01 5.869518692557955664e-01
1.021266548790027706e-01 -1.796830777170634885e-01 -1.190455134575540974e-01 -1.796830777170634885e-01 3.223308791754899150e-01 1.772159609529639079e-01 -1.190455134575540974e-01 1.772159609529639079e-01 5.755424346294955029e-01
3.242920623022921278e-01 4.153354131929688497e-01 1.883287577771737553e-01 4.153354131929688497e-01 5.422060130129278122e-01 2.299764583039265453e-01 1.883287577771737553e-01 2.299764583039265453e-01 1.335018207711452520e-01
2.988287769922262083e-01 -2.514574933338206697e-02 -2.944646518106546762e-01 -2.514574933338206697e-02 1.589891838892350251e-02 -4.564780375149556785e-02 -2.944646518106546762e-01 -4.564780375149556785e-02 6.852722803450207456e-01
8.611350084974432606e-02 2.259786525173840821e-01 -1.594413444597639340e-02 2.259786525173840821e-01 6.410549753864940303e-01 1.260079763383706308e-02 -1.594413444597639340e-02 1.260079763383706308e-02 2.728316951154477477e-01
7.988560348264875932e-01 2.683200266548332324e-01 -8.572790043364733603e-02 2.683200266548332324e-01 1.123835200205518803e-01 -6.334509815147246203e-02 -8.572790043364733603e-02 -6.334509815147246203e-02 8.876058180389072294e-02
5.791102415712677531e-02 1.811709269987103466e-01 1.007938412962408603e-01 1.811709269987103466e-01 6.660256213635017408e-01 4.131185582512634236e-01 1.007938412962408603e-01 4.131185582512634236e-01 2.760639491777757693e-01
5.088434485458062095e-01 2.420803022861032008e-02 -4.129831391294647158e-01 2.420803022861032008e-02 1.060333688758987973e-02 -3.442973340044003239e-02 -4.129831391294647158e-01 -3.442973340044003239e-02 4.805532053593081776e-01
4.493907548006978447e-01 4.677928112126992777e-01 -3.732351294100947486e-02 4.677928112126992777e-01 5.068532763613284864e-01 -6.396945203067963548e-02 -3.732351294100947486e-02 -6.396945203067963548e-02 4.375623430176522194e-02
4.180675908243537964e-01 -3.196761764157508012e-01 -3.566650194495866733e-01 -3.196761764157508012e-01 2.533066193435751234e-01 2.618176163609429730e-01 -3.566650194495866733e-01 2.618176163609429730e-01 3.286257001926122800e-01
9.549911892462603635e-01 2.500053275157265373e-02 1.574788525093115399e-01 2.500053275157265373e-02 3.678736710393714932e-03 8.005602211398314336e-03 1.574788525093115399e-01 8.005602211398314336e-03 4.133036205781526889e-02
5.761447080594650147e-04 5.324655946265217411e-03 2.851495085535484843e-03 5.324655946265217411e-03 9.386070776404820126e-01 1.578343067955907675e-01 2.851495085535484843e-03 1.578343067955907675e-01 6.081646130043234788e-02
2.609924430640500059e-01 3.854528703549964241e-01 -1.612002958902851169e-01 3.854528703549964241e-01 5.800111237038796386e-01 -2.477829567654731835e-01 -1.612002958902851169e-01 -2.477829567654731835e-01 1.589965964862988246e-01
8.534522807551455648e-01 1.877788324024072530e-02 1.050014494378117835e-01 1.877788324024072530e-02 9.723419593028857430e-03 -2.515118471090439095e-02 1.050014494378117835e-01 -2.515118471090439095e-02 1.368244729093420486e-01
4.588671820216567165e-01 2.418310388492770635e-01 -3.345475645565703093e-01 2.418310388492770635e-01 1.576802043052137337e-01 -2.320961865338700136e-01 -3.345475645565703093e-01 -2.320961865338700136e-01 3.834530302947801172e-01
2.435609130087147967e-01 4.040273238712383530e-01 1.127626211487227081e-01 4.040273238712383530e-01 6.830136483274269477e-01 1.859239380603204261e-01 1.127626211487227081e-01 1.859239380603204261e-01 7.342540175606580843e-02
7.038676690710701234e-01 -4.301902918784671348e-01 -9.723821591227452266e-02 -4.301902918784671348e-01 2.677175012649558594e-01 6.127069506583299879e-02 -9.723821591227452266e-02 6.127069506583299879e-02 2.841521675886335765e-02
4.769721424334987248e-01 -3.457349158656484178e-01 -3.361499534319495885e-01 -3.457349158656484178e-01 2.578926043067844009e-01 2.346469211798997145e-01 -3.361499534319495885e-01 2.346469211798997145e-01 2.651348710338893300e-01
1.230409002735743107e-01 -3.147445557723314025e-01 2.582035386518487588e-02 -3.147445557723314025e-01 8.260898185167243613e-01 -8.898796868162354989e-02 2.582035386518487588e-02 -8.898796868162354989e-02 5.086970134678171079e-02
3.774155226616759951e-01 4.360938250800034388e-01 -9.959441512225249149e-02 4.360938250800034388e-01 5.538714756781110138e-01 -1.553894361595388185e-01 -9.959441512225249149e-02 -1.553894361595388185e-01 6.871276506432479059e-02
7.853963303486433123e-02 2.254184957465721062e-01 -1.324886106750815806e-01 2.254184957465721062e-01 6.607329082175293911e-01 -3.626580485167119061e-01 -1.324886106750815806e-01 -3.626580485167119061e-01 2.607274766267719257e-01
9.312759892795106076e-01 1.558601513034762187e-01 1.471825131162169675e-01 1.558601513034762187e-01 2.985052179892931992e-02 2.540006038796738252e-02 1.471825131162169675e-01 2.540006038796738252e-02 3.887371319535262021e-02
1.885191925946507752e-01 3.194025692564819718e-01 2.012389617788760132e-01 3.194025692564819718e-01 5.704740809345972830e-01 3.367721372234144250e-01 2.012389617788760132e-01 3.367721372234144250e-01 2.410064847664823429e-01
5.005575217679762018e-02 1.729838923609214041e-01 7.715536196253296175e-02 1.729838923609214041e-01 6.970458527962620776e-01 3.604126252057013313e-01 7.715536196253296175e-02 3.604126252057013313e-01 2.528980837055830877e-01
8.380144528530795167e-01 2.255926438867017769e-01 -1.817103913070462484e-01 2.255926438867017769e-01 6.283398593646458141e-02 -4.980529134443503758e-02 -1.817103913070462484e-01 -4.980529134443503758e-02 9.915168668445641098e-02
5.935301456618546911e-01 2.687101646155572454e-01 -2.303801784002605380e-01 2.687101646155572454e-01 1.502504376160582744e-01 -1.655957849662457182e-01 -2.303801784002605380e-01 -1.655957849662457182e-01 2.562195419696587373e-01
2.436990217562268538e-03 -2.531070481799971988e-02 4.320251623861766713e-03 -2.531070481799971988e-02 6.178128072848771968e-01 -3.167861707565624574e-01 4.320251623861766713e-03 -3.167861707565624574e-01 3.797501219402913963e-01
1.936245958567187619e-01 2.391624839269315406e-01 2.779925942643927117e-01 2.391624839269315406e-01 2.985064258588701058e-01 3.486562607504015698e-01 2.779925942643927117e-01 3.486562607504015698e-01 5.078687667479602208e-01
2.275427390449599047e-02 -7.695207903974515817e-02 -8.150174753297378949e-02 -7.695207903974515817e-02 3.055037765809877626e-01 2.898058692821679494e-01 -8.150174753297378949e-02 2.898058692821679494e-01 6.717421423922551593e-01
4.928619238006893277e-01 4.642246173144067845e-01 -4.036043127323119678e-02 4.642246173144067845e-01 4.619810998281887460e-01 -6.251697965957415948e-02 -4.036043127323119678e-02 -6.251697965957415948e-02 4.515688530241688398e-02
5.034913224268997012e-02 8.756481071030794427e-02 5.376306941759540631e-02 8.756481071030794427e-02 6.273523443052203552e-01 3.934832923756620415e-01 5.376306941759540631e-02 3.934832923756620415e-01 3.222985102793897716e-01
4.508689628015138950e-01 -3.599259362182286592e-01 -2.911004646477498015e-01 -3.599259362182286592e-01 2.924153355822931011e-01 2.337310497076530158e-01 -2.911004646477498015e-01 2.337310497076530158e-01 2.567155471162462788e-01
2.438727116434498132e-01 4.142680949355901365e-01 6.821503607410354941e-02 4.142680949355901365e-01 7.289493221216174490e-01 1.054815221092677696e-01 6.821503607410354941e-02 1.054815221092677696e-01 2.717779521563058395e-02
1.462083664306509656e-01 2.965154116022074016e-01 1.143342112454063947e-01 2.965154116022074016e-01 6.329151396579727473e-01 2.838650298665675309e-01 1.143342112454063947e-01 2.838650298665675309e-01 2.208764232098381353e-01
2.110355061541921984e-01 3.588432736988723115e-01 -3.666407822795632321e-02 3.588432736988723115e-01 6.222413693151932490e-01 -5.944235076817604158e-02 -3.666407822795632321e-02 -5.944235076817604158e-02 1.667230723732997244e-01
1.382371631382383614e-01 2.736719779338195879e-01 -1.808927686212176422e-01 2.736719779338195879e-01 5.533591360646872293e-01 -3.484669690670857412e-01 -1.808927686212176422e-01 -3.484669690670857412e-01 3.084037761443862435e-01
3.205899087424890492e-01 -2.185622038701073855e-01 -2.973388540718203688e-01 -2.185622038701073855e-01 1.522821642062714698e-01 2.006256628495149685e-01 -2.973388540718203688e-01 2.006256628495149685e-01 5.271283719743102836e-01
2.733690522032062309e-01 4.223632687357660176e-01 4.060990649299585364e-02 4.223632687357660176e-01 6.943405683124199701e-01 3.384270844071213258e-02 4.060990649299585364e-02 3.384270844071213258e-02 3.229036556213989162e-02
1.028725349921323813e-02 -4.281237317278915877e-02 -2.903115881215538423e-03 -4.281237317278915877e-02 9.040350463443271867e-01 -1.877971945687495203e-01 -2.903115881215538423e-03 -1.877971945687495203e-01 8.567772005177351491e-02
6.642472390901015267e-01 -3.303120703081872667e-01 -1.458675898212831723e-01 -3.303120703081872667e-01 1.845945790317279900e-01 6.995401401678352782e-02 -1.458675898212831723e-01 6.995401401678352782e-02 1.511584753466847786e-01
9.287591996970350205e-01 1.959258332071478481e-01 4.083241356641426761e-02 1.959258332071478481e-01 4.307443463595080069e-02 5.998927674511522409e-03 4.083241356641426761e-02 5.998927674511522409e-03 2.816598991963706680e-02
3.590497868776992840e-01 -4.531381557839556651e-01 -1.134598770061516632e-01 -4.531381557839556651e-01 5.797938315089277150e-01 1.481206628890803512e-01 -1.134598770061516632e-01 1.481206628890803512e-01 6.115623447583395933e-02
3.491320554864118381e-02 1.476592326642419406e-01 -6.171016747202694164e-02 1.476592326642419406e-01 6.619357748532957997e-01 -2.501936360756640276e-01 -6.171016747202694164e-02 -2.501936360756640276e-01 3.031510340716588869e-01
4.439972771927617329e-02 1.429655487193862151e-01 -9.727970722281475968e-02 1.429655487193862151e-01 6.445883749591944101e-01 -2.716495608406084838e-01 -9.727970722281475968e-02 -2.716495608406084838e-01 3.110118942155364885e-01
5.429248004088747109e-02 -2.005385902596028280e-01 1.652509918457619950e-02 -2.005385902596028280e-01 7.763094588607043489e-01 -8.093124634043988297e-02 1.652509918457619950e-02 -8.093124634043988297e-02 1.693980410605073206e-01
3.440054698276351353e-02 6.980800113160486042e-02 -3.205217429773293825e-02 6.980800113160486042e-02 1.923029503757678060e-01 -3.180700693729930639e-02 -3.205217429773293825e-02 -3.180700693729930639e-02 7.732968789125722608e-01
7.813196786679895700e-01 3.405790384572421337e-01 -2.941145072699260718e-02 3.405790384572421337e-01 1.662836056318831857e-01 -3.868948463988690356e-02 -2.941145072699260718e-02 -3.868948463988690356e-02 5.239704154618094606e-02
2.167617780278292480e-02 -7.582328707143133617e-02 -8.268406081377666084e-02 -7.582328707143133617e-02 3.063358733200614581e-01 3.795844915568492017e-01 -8.268406081377666084e-02 3.795844915568492017e-01 6.719884854721615008e-01
4.347390387554828650e-01 4.778346724336902107e-01 -3.735927060607549532e-02 4.778346724336902107e-01 5.297610507035169780e-01 -3.755050221605664429e-02 -3.735927060607549532e-02 -3.755050221605664429e-02 3.550003580538229481e-02
6.511627530485647464e-01 1.287949759645784786e-01 3.774865931301220057e-01 1.287949759645784786e-01 3.703605571651496370e-02 8.349519390489322512e-02 3.774865931301220057e-01 8.349519390489322512e-02 3.118013076489886126e-01
3.386130651738208375e-01 4.314283224709635212e-01 1.553327326949745790e-01 4.314283224709635212e-01 5.688608073418709443e-01 2.166717405343203950e-01 1.553327326949745790e-01 2.166717405343203950e-01 9.252610704819957954e-02
3.534562187506671838e-01 3.528590836439104983e-01 2.609446285902308760e-01 3.528590836439104983e-01 3.762826440324742450e-01 2.291448279725993020e-01 2.609446285902308760e-01 2.291448279725993020e-01 2.702612345156935048e-01
4.443408353157506929e-01 4.641918955110773681e-01 1.411561871476095242e-01 4.641918955110773681e-01 5.013338675373451014e-01 1.579480799815978775e-01 1.411561871476095242e-01 1.579480799815978775e-01 5.432504083382772020e-02
4.134424799418994767e-01 3.057929948888060689e-01 3.704836815110181258e-01 3.057929948888060689e-01 2.394864691426745462e-01 2.624855822808194739e-01 3.704836815110181258e-01 2.624855822808194739e-01 3.470714680286774989e-01
2.935338840543892935e-01 4.115470555202257463e-01 1.577403126909714404e-01 4.115470555202257463e-01 5.929489956548186225e-01 2.407501153984770159e-01 1.577403126909714404e-01 2.407501153984770159e-01 1.135171526566519096e-01
2.166703534415482524e-01 3.744612381720552885e-01 -1.397993451282906474e-01 3.744612381720552885e-01 6.764563361401384478e-01 -2.407206209318934476e-01 -1.397993451282906474e-01 -2.407206209318934476e-01 1.068735329899278691e-01
5.554814804401068951e-02 1.653781976168909040e-01 1.121605939075160374e-01 1.653781976168909040e-01 5.840212945944945888e-01 3.333256118824428071e-01 1.121605939075160374e-01 3.333256118824428071e-01 3.604302982623539542e-01
1.388938039176464134e-01 2.207863722747900881e-01 2.099511040548698582e-01 2.207863722747900881e-01 3.902607892254298938e-01 3.844351152274455563e-01 2.099511040548698582e-01 3.844351152274455563e-01 4.708453744693990028e-01
9.359708026929356439e-01 4.945856623125229751e-02 1.010972495594442133e-01 4.945856623125229751e-02 6.766731479592415048e-03 1.220667310021745361e-02 1.010972495594442133e-01 1.220667310021745361e-02 5.726282519054895492e-02
1.627741927516155318e-01 3.555754647311067385e-01 5.604723468144488796e-02 3.555754647311067385e-01 8.100104923330841977e-01 1.273708467193624128e-01 5.604723468144488796e-02 1.273708467193624128e-01 2.721538612041077276e-02
4.872771385444210623e-01 -4.807628600579245681e-01 -7.485553766424671296e-02 -4.807628600579245681e-01 4.772912487553501171e-01 7.663308461842795183e-02 -7.485553766424671296e-02 7.663308461842795183e-02 3.543159640087707035e-02
1.305536289612439504e-01 -1.188150517342849155e-01 -2.191777018607340144e-01 -1.188150517342849155e-01 1.179991235936583005e-01 1.752359367866435091e-01 -2.191777018607340144e-01 1.752359367866435091e-01 7.514472665187968969e-01
4.357174481830025647e-01 -2.893962740337233108e-01 -2.248640909723345072e-01 -2.893962740337233108e-01 1.969992731301647981e-01 1.401329496453088963e-01 -2.248640909723345072e-01 1.401329496453088963e-01 3.672834523256860995e-01
6.092132822039687534e-01 4.630500277313782109e-01 -7.666593863915757701e-02 4.630500277313782109e-01 3.578364433412090650e-01 -6.047850421338427096e-02 -7.666593863915757701e-02 -6.047850421338427096e-02 3.295041007148985512e-02
1.828931077898574287e-01 3.529303385824104633e-01 3.761630652197368342e-03 3.529303385824104633e-01 7.514676903324128965e-01 -5.911559689682448215e-02 3.761630652197368342e-03 -5.911559689682448215e-02 6.563910960151336793e-02
3.485845524145594343e-01 -2.476535591116268697e-01 3.292395709607910392e-01 -2.476535591116268697e-01 1.911946353598719950e-01 -2.678763345010306551e-01 3.292395709607910392e-01 -2.678763345010306551e-01 4.602207029011225470e-01
1.145287241239582310e-01 -2.928556516141881949e-01 2.741413662909850547e-03 -2.928556516141881949e-01 7.622203532380343871e-01 -6.577697438275002632e-03 2.741413662909850547e-03 -6.577697438275002632e-03 1.232512615786125892e-01
4.779740190555409329e-01 4.306247014022731578e-01 8.484265202866152211e-03 4.306247014022731578e-01 4.652436959915673964e-01 1.814919573610316271e-03 8.484265202866152211e-03 1.814919573610316271e-03 5.678206615286033460e-02
5.791570687456493172e-01 -4.824871724022239405e-01 4.570821449290514427e-02 -4.824871724022239405e-01 4.027030009987156434e-01 -3.678722456520847062e-02 4.570821449290514427e-02 -3.678722456520847062e-02 1.813957969675476789e-02
4.519772711790772113e-01 1.647592666402636352e-01 -4.277288000992324202e-01 1.647592666402636352e-01 6.550356586500896694e-02 -1.668776766101247588e-01 -4.277288000992324202e-01 -1.668776766101247588e-01 4.825191262087298871e-01
2.405774321883326905e-01 -2.412868989822631871e-01 3.377823286925690227e-01 -2.412868989822631871e-01 2.442774859971555967e-01 -3.460256296334899839e-01 3.377823286925690227e-01 -3.460256296334899839e-01 5.151450086294364628e-01
5.733028641928298308e-01 -6.384424908396439668e-02 4.234702030327727740e-01 -6.384424908396439668e-02 1.787963010188694385e-02 -4.055929793226277502e-02 4.234702030327727740e-01 -4.055929793226277502e-02 4.088176142382070610e-01
4.232264390718837310e-02 -1.847812884181490589e-01 3.537900459156495536e-02 -1.847812884181490589e-01 8.725658560999296487e-01 -2.106803369761318656e-01 3.537900459156495536e-02 -2.106803369761318656e-01 8.511134297093204959e-02
5.670459735902848575e-01 -2.835351650114114608e-01 -3.700328087504822228e-01 -2.835351650114114608e-01 1.449932591697606910e-01 1.835877407838484854e-01 -3.700328087504822228e-01 1.835877407838484854e-01 2.879608086795662492e-01
6.941283347608355747e-01 -1.062771681571338112e-01 -4.218887847367154831e-01 -1.062771681571338112e-01 1.838412532527796892e-02 6.340673015342028485e-02 -4.218887847367154831e-01 6.340673015342028485e-02 2.874874849794428200e-01
4.391654698852771599e-01 1.844623611188069695e-02 -3.827050168012390285e-01 1.844623611188069695e-02 9.526090416937648547e-03 -5.264887400624909675e-02 -3.827050168012390285e-01 -5.264887400624909675e-02 5.513082138632673379e-01
5.077204128251051607e-01 -2.678706393024564703e-01 -3.353783643661992775e-01 -2.678706393024564703e-01 1.457781882048721223e-01 1.715894335684163829e-01 -3.353783643661992775e-01 1.715894335684163829e-01 3.465014567786595112e-01
7.725155343754204207e-01 -4.058071293849285777e-02 3.815961984731661705e-01 -4.058071293849285777e-02 6.211308245705172808e-03 -2.739301496781460302e-02 3.815961984731661705e-01 -2.739301496781460302e-02 2.212734587543268572e-01
7.778538360179784172e-01 -3.674448857746846486e-01 -5.506007858861380888e-02 -3.674448857746846486e-01 1.901372286122644806e-01 3.830988210030108337e-02 -5.506007858861380888e-02 3.830988210030108337e-02 3.200888771763493040e-02
9.321849543339861058e-03 -3.949089493657265831e-02 -3.036945013324115691e-02 -3.949089493657265831e-02 3.246973497705013534e-01 2.466976403855156708e-01 -3.036945013324115691e-02 2.466976403855156708e-01 6.659804104556271698e-01
1.117689763835148092e-02 -5.460625064332273043e-02 -1.305826148330431133e-02 -5.460625064332273043e-02 9.595347041056065951e-01 9.504722182820050935e-02 -1.305826148330431133e-02 9.504722182820050935e-02 2.928852646771444926e-02
7.749323722920169466e-01 -4.508168750870091002e-02 -2.234590427117063849e-01 -4.508168750870091002e-02 4.387635881016305889e-02 2.568930547970647155e-02 -2.234590427117063849e-01 2.568930547970647155e-02 1.811910017764864211e-01
1.670220949105380437e-01 -1.507980259378252641e-01 3.122712069697788917e-01 -1.507980259378252641e-01 1.481899340338489746e-01 -3.058663695368629143e-01 3.122712069697788917e-01 -3.058663695368629143e-01 6.847876599877554815e-01
4.635986840837222900e-01 4.779699728171826756e-01 -3.962039503091795145e-02 4.779699728171826756e-01 4.951009330327020841e-01 -4.248465276549698993e-02 -3.962039503091795145e-02 -4.248465276549698993e-02 4.130032573624629888e-02
1.121026000967508540e-01 2.481838255097989776e-01 1.412554900576364902e-01 2.481838255097989776e-01 6.473919730522716964e-01 3.279247742059830384e-01 1.412554900576364902e-01 3.279247742059830384e-01 2.405052815476257100e-01
3.091376723049290010e-01 3.625896905405680548e-01 -2.268175377578133256e-01 3.625896905405680548e-01 4.295464021616111072e-01 -2.683222949958370407e-01 -2.268175377578133256e-01 -2.683222949958370407e-01 2.613162377944086012e-01
2.245406948511872655e-02 -1.226212926467906555e-01 3.512914288193590834e-02 -1.226212926467906555e-01 8.316649492379367681e-01 -2.995356430335715525e-01 3.512914288193590834e-02 -2.995356430335715525e-01 1.458807007897517105e-01
2.739169632598633664e-01 -2.409138415753507845e-01 3.528540836446962814e-01 -2.409138415753507845e-01 2.172951822228098850e-01 -3.216987988059001324e-01 3.528540836446962814e-01 -3.216987988059001324e-01 5.087881379651958413e-01
1.373398053509248748e-02 1.125533439533136365e-01 1.736622350296347867e-03 1.125533439533136365e-01 9.790952752256977254e-01 1.890427726308708048e-02 1.736622350296347867e-03 1.890427726308708048e-02 7.170669803304550657e-03
4.792628972729845449e-01 -3.238226884697814612e-01 2.730882915209359996e-01 -3.238226884697814612e-01 2.289659022233365149e-01 -2.118763132031405427e-01 2.730882915209359996e-01 -2.118763132031405427e-01 2.917711314944317902e-01
4.872578187289423601e-01 3.929189308613844078e-01 2.072967818234521531e-01 3.929189308613844078e-01 3.261078791633557072e-01 1.611777462151471607e-01 2.072967818234521531e-01 1.611777462151471607e-01 1.866342568759925269e-01
2.490129073064381859e-01 -3.947695115232692231e-01 1.505360185119842542e-01 -3.947695115232692231e-01 6.361448889651105665e-01 -2.428124599484834667e-01 1.505360185119842542e-01 -2.428124599484834667e-01 1.148421132332390765e-01
4.492678897419389306e-01 -4.039699358086770165e-01 2.400926089745465120e-01 -4.039699358086770165e-01 3.675231740582701745e-01 -2.188982503951373837e-01 2.400926089745465120e-01 -2.188982503951373837e-01 1.832089748771944249e-01
8.039387668706183820e-01 3.485120960373143673e-01 2.954798100198029534e-02 3.485120960373143673e-01 1.678399108072977930e-01 5.021954240820906967e-03 2.954798100198029534e-02 5.021954240820906967e-03 2.822114422085911928e-02
3.844095735402595221e-02 -1.677742221843261661e-01 1.158260480377138781e-02 -1.677742221843261661e-01 8.501109069871113366e-01 -1.284828298031013005e-01 1.158260480377138781e-02 -1.284828298031013005e-01 1.114481583878426940e-01
5.700834081479292381e-01 4.364812958056257242e-01 -1.951301213964411196e-01 4.364812958056257242e-01 3.359915838031922175e-01 -1.466456176275180989e-01 -1.951301213964411196e-01 -1.466456176275180989e-01 9.392515321599528844e-02
8.552248980626312447e-01 2.785452076875525873e-01 4.363152669564823727e-02 2.785452076875525873e-01 9.555057773850475500e-02 8.646179909784893619e-03 4.363152669564823727e-02 8.646179909784893619e-03 4.922490821418350898e-02
7.119665028056277878e-01 -6.611107225586103364e-03 3.974193987926677996e-01 -6.611107225586103364e-03 6.239816004171838681e-03 -4.021900913514737073e-03 3.974193987926677996e-01 -4.021900913514737073e-03 2.817938362826772902e-01
6.988318341980967463e-02 -2.233564203487130029e-01 3.584228551157968984e-02 -2.233564203487130029e-01 8.000242213342383391e-01 -2.001024054450103451e-01 3.584228551157968984e-02 -2.001024054450103451e-01 1.300921490155074745e-01
2.249071686936827269e-02 -1.102760928746132629e-01 -3.142837512332649630e-02 -1.102760928746132629e-01 6.457840763001134743e-01 2.492798603527615342e-01 -3.142837512332649630e-02 2.492798603527615342e-01 3.317253834050751804e-01
2.140636027379416439e-01 2.004978053474890387e-01 3.014786419857738986e-01 2.004978053474890387e-01 1.940077051394667462e-01 2.836789566460721779e-01 3.014786419857738986e-01 2.836789566460721779e-01 5.919288828217662557e-01
1.192180090265006764e-01 -2.358529767777149400e-01 2.005474721733870314e-01 -2.358529767777149400e-01 4.903891814806282667e-01 -3.803724956410995395e-01 2.005474721733870314e-01 -3.803724956410995395e-01 3.903930785720389762e-01
3.804920621180138962e-01 4.741899836676423119e-01 2.255521789952416589e-02 4.741899836676423119e-01 5.989262295904991262e-01 3.667215552938548478e-02 2.255521789952416589e-02 3.667215552938548478e-02 2.058154193101066620e-02
6.904349889573730970e-01 4.187867757419991288e-01 2.768685583301356418e-02 4.187867757419991288e-01 2.703114864227809666e-01 2.352999533112752444e-03 2.768685583301356418e-02 2.352999533112752444e-03 3.925343772733985021e-02
5.486487797412246126e-01 4.286170878212912094e-01 -1.302373497240010558e-01 4.286170878212912094e-01 3.380419448682980832e-01 -1.008544126027247495e-01 -1.302373497240010558e-01 -1.008544126027247495e-01 1.133092539089889661e-01
8.510946525304953214e-01 8.403079714488245755e-02 -2.824899174737766083e-01 8.403079714488245755e-02 1.220740990472423543e-02 -1.811601526010584579e-02 -2.824899174737766083e-01 -1.811601526010584579e-02 1.366981604432902786e-01
8.784867031737608745e-01 2.254568906493953362e-02 -2.707413553401491479e-01 2.254568906493953362e-02 2.797942062960941459e-03 -8.113284687915188476e-03 -2.707413553401491479e-01 -8.113284687915188476e-03 1.187154818634091752e-01
7.842805498665166297e-01 -3.419144955857589263e-01 -1.333815873010846531e-01 -3.419144955857589263e-01 1.649923837362421986e-01 7.531789382309402037e-02 -1.333815873010846531e-01 7.531789382309402037e-02 5.072708465978932602e-02
1.162005510104839427e-02 6.831858320409631147e-02 -4.203494070948106225e-03 6.831858320409631147e-02 9.546644805291886193e-01 7.910942745074003857e-02 -4.203494070948106225e-03 7.910942745074003857e-02 3.371575523892227089e-02
6.313819533314061205e-01 3.595099431505476284e-01 -2.150446876237209759e-01 3.595099431505476284e-01 2.528865902677542299e-01 -1.347184917503817525e-01 -2.150446876237209759e-01 -1.347184917503817525e-01 1.157311901343372473e-01
1.422660768748299984e-02 -1.445682214596146799e-02 2.976652163418014654e-02 -1.445682214596146799e-02 5.146123255170004934e-02 1.063101613600405532e-01 2.976652163418014654e-02 1.063101613600405532e-01 9.343122038448258282e-01
2.698125491366652473e-01 2.435228875509646840e-01 2.726179421653500690e-01 2.435228875509646840e-01 2.226498378128305422e-01 2.512820015921882755e-01 2.726179421653500690e-01 2.512820015921882755e-01 5.075379760212395119e-01
8.955487707194986421e-03 4.604846166725310580e-02 1.484281477061503811e-02 4.604846166725310580e-02 5.139404015357516009e-01 3.999464222237726352e-01 1.484281477061503811e-02 3.999464222237726352e-01 4.771037795166729878e-01
5.442324002042474573e-01 3.941282544530896881e-02 4.349734720502630436e-01 3.941282544530896881e-02 2.058207197398359209e-02 1.204710303322047323e-02 4.349734720502630436e-01 1.204710303322047323e-02 4.351854835369535768e-01
7.495895077068932544e-01 1.458709215921287494e-01 -1.189274304823849382e-01 1.458709215921287494e-01 5.476445343099832497e-02 -7.924018982764460817e-02 -1.189274304823849382e-01 -7.924018982764460817e-02 1.956463180452911177e-01
4.170351330062948558e-01 4.119993280114183087e-01 1.436922837216512150e-01 4.119993280114183087e-01 4.185357790050785454e-01 1.489699080845192647e-01 1.436922837216512150e-01 1.489699080845192647e-01 1.644292838821053704e-01
3.795604425476090116e-01 -2.799156341190011665e-01 -3.319071223131942472e-01 -2.799156341190011665e-01 2.169685785675972423e-01 2.635787350571629495e-01 -3.319071223131942472e-01 2.635787350571629495e-01 4.034705914546338201e-01
2.630407436467633794e-02 -8.666112650296591002e-02 -1.028361831681082472e-01 -8.666112650296591002e-02 2.982081424540390380e-01 3.219271162687768473e-01 -1.028361831681082472e-01 3.219271162687768473e-01 6.754880234234492686e-01
4.026390569289360899e-01 4.608035501576913107e-01 1.611289923261511204e-04 4.608035501576913107e-01 5.582631627644735195e-01 -3.033162966837574248e-02 1.611289923261511204e-04 -3.033162966837574248e-02 3.909778457709313371e-02
3.158812540840469918e-01 2.958928494064159698e-01 3.045433454364377401e-01 2.958928494064159698e-01 2.935460907602998049e-01 2.677209378957082775e-01 3.045433454364377401e-01 2.677209378957082775e-01 3.905729907810166490e-01
7.463321547386271293e-01 -3.356449374317787560e-01 -2.022779332262251983e-01 -3.356449374317787560e-01 1.685049941941516027e-01 1.059078511812720919e-01 -2.022779332262251983e-01 1.059078511812720919e-01 8.516308989545491592e-02
1.559793352817662182e-01 2.624022351312583212e-01 1.495003164903244419e-01 2.624022351312583212e-01 6.163301019329251451e-01 3.240660918707637395e-01 1.495003164903244419e-01 3.240660918707637395e-01 2.276907175718143050e-01
1.075104720193900826e-01 2.841855507339162701e-01 5.621596994422865118e-02 2.841855507339162701e-01 7.732194709843780434e-01 1.753479894948259676e-01 5.621596994422865118e-02 1.753479894948259676e-01 1.192698623816218495e-01
6.818049010437251534e-01 -1.469777290082262544e-01 -4.129236220816556724e-01 -1.469777290082262544e-01 3.762849843667145922e-02 8.606253797598696631e-02 -4.129236220816556724e-01 8.606253797598696631e-02 2.805664183392846955e-01
2.813838876621655993e-01 4.252887672810497510e-01 2.048312078504602174e-02 4.252887672810497510e-01 6.842430664030353382e-01 -2.275390148667762310e-04 2.048312078504602174e-02 -2.275390148667762310e-04 3.437305723763310616e-02
7.189680677476991688e-01 -7.303993496075690539e-02 3.959991499439031726e-01 -7.303993496075690539e-02 1.733533219078631574e-02 -4.359795750979647555e-02 3.959991499439031726e-01 -4.359795750979647555e-02 2.636968668547355898e-01
8.598643814866229196e-01 -2.883356576917792471e-02 4.053037815757780382e-02 -2.883356576917792471e-02 2.091372249339800912e-02 -4.264936455671305277e-02 4.053037815757780382e-02 -4.264936455671305277e-02 1.192218327566718777e-01
7.870587665366800267e-02 2.260673229434690401e-01 1.057994154974475770e-01 2.260673229434690401e-01 6.772195445274460379e-01 3.253982841887665955e-01 1.057994154974475770e-01 3.253982841887665955e-01 2.440745021013517591e-01
2.027413429703281075e-02 -8.134468610373399300e-02 -7.852197671368359166e-02 -8.134468610373399300e-02 3.600787502928224915e-01 3.143406128865482985e-01 -7.852197671368359166e-02 3.143406128865482985e-01 6.196471261301916833e-01
6.568201553952285332e-01 -4.127132030360891601e-01 -1.859770958743068303e-01 -4.127132030360891601e-01 2.691804950361621485e-01 1.210954165454873055e-01 -1.859770958743068303e-01 1.210954165454873055e-01 7.399935868834942032e-02
6.696045369211994780e-01 -2.064397498699083178e-01 -3.872884120430775678e-01 -2.064397498699083178e-01 7.189666286455807798e-02 1.214287463880287521e-01 -3.872884120430775678e-01 1.214287463880287521e-01 2.584984998734738970e-01
9.820920449926472118e-02 1.859312937588665504e-01 1.214590225869330020e-01 1.859312937588665504e-01 4.037121114622528317e-01 3.554531081464633036e-01 1.214590225869330020e-01 3.554531081464633036e-01 4.980786147744282188e-01
3.056530314076831290e-01 2.731332765851567923e-01 3.534574823603136018e-01 2.731332765851567923e-01 2.461115491000894218e-01 3.103657152926245222e-01 3.534574823603136018e-01 3.103657152926245222e-01 4.482352442622937749e-01
2.582065964358558688e-02 -5.670453662736670702e-02 -1.172002067964147617e-02 -5.670453662736670702e-02 1.645537225368975121e-01 1.641390907343525385e-01 -1.172002067964147617e-02 1.641390907343525385e-01 8.096254687358164226e-01
9.543468003029745295e-02 2.218823151416976225e-01 7.961735472784037260e-02 2.218823151416976225e-01 6.139254912693674626e-01 3.192306085814943239e-01 7.961735472784037260e-02 3.192306085814943239e-01 2.906397313837694729e-01
6.726584310462283001e-02 2.270871234920707471e-01 -8.502222811825529969e-02 2.270871234920707471e-01 7.848431881453744596e-01 -2.695491751772121081e-01 -8.502222811825529969e-02 -2.695491751772121081e-01 1.478909579977453481e-01
2.845678725375898055e-01 4.189920313578023303e-01 -5.643411851568559678e-02 4.189920313578023303e-01 6.321894933366906111e-01 -6.272616416225676450e-02 -5.643411851568559678e-02 -6.272616416225676450e-02 8.324286171474150342e-02
3.594377433529801630e-02 1.250715511046571193e-01 3.542091161941390148e-02 1.250715511046571193e-01 7.146298386347078591e-01 3.288936362463799057e-01 3.542091161941390148e-02 3.288936362463799057e-01 2.494262866485132679e-01
3.183206223971070115e-01 1.011394125339771383e-01 -2.746959868491316570e-01 1.011394125339771383e-01 2.480953112049963938e-01 -3.857609617165586730e-02 -2.746959868491316570e-01 -3.857609617165586730e-02 4.335840358437525466e-01
9.069900345805177455e-01 -2.254688185390104627e-01 1.069019707705023692e-01 -2.254688185390104627e-01 6.496994840193243137e-02 -1.847799804858109990e-02 1.069019707705023692e-01 -1.847799804858109990e-02 2.804000603597574942e-02
2.494640309355775354e-01 -3.944142406399510081e-01 2.044561061944030755e-02 -3.944142406399510081e-01 6.436086801833451609e-01 -7.329434799830854448e-03 2.044561061944030755e-02 -7.329434799830854448e-03 1.069272460336585934e-01
3.185805810432606466e-01 -2.830828615139207582e-01 2.763069396863362392e-01 -2.830828615139207582e-01 2.575629468328514138e-01 -2.682991620137507582e-01 2.763069396863362392e-01 -2.682991620137507582e-01 4.238565630613556068e-01
1.554232136797545627e-01 -1.365542628865918928e-01 3.024928180752827767e-01 -1.365542628865918928e-01 1.378581391006599155e-01 -3.039632025219879963e-01 3.024928180752827767e-01 -3.039632025219879963e-01 7.067183799387739551e-01
5.728626156706099204e-01 -3.767414235892609931e-01 -1.411574577268323305e-01 -3.767414235892609931e-01 2.528166762516345090e-01 8.169011694358238596e-02 -1.411574577268323305e-01 8.169011694358238596e-02 1.743205195282087616e-01
5.567416964165154691e-02 -2.052331861304154681e-01 -1.184032955516588388e-02 -2.052331861304154681e-01 9.221737474825992820e-01 6.086076841636670759e-02 -1.184032955516588388e-02 6.086076841636670759e-02 2.215218471478741166e-02
8.734083670912040631e-01 -2.464814795906858924e-01 -2.085687523522671699e-02 -2.464814795906858924e-01 7.904898312553877704e-02 2.370977496178495667e-02 -2.085687523522671699e-02 2.370977496178495667e-02 4.754283795677008428e-02
5.650463337507033446e-01 -4.784829122203343998e-01 1.031120379525805042e-01 -4.784829122203343998e-01 4.057147553763587045e-01 -8.643306258038650769e-02 1.031120379525805042e-01 -8.643306258038650769e-02 2.923889200006403455e-02
1.187330583151353647e-01 2.987245997786289187e-01 -5.104912998440949701e-02 2.987245997786289187e-01 7.705709290889874996e-01 -1.124383397966171594e-01 -5.104912998440949701e-02 -1.124383397966171594e-01 1.106960640245977512e-01
2.558693559247331162e-02 4.073001035523852315e-02 -4.296077953433750062e-03 4.073001035523852315e-02 8.745641324107049641e-01 1.293766637020613564e-01 -4.296077953433750062e-03 1.293766637020613564e-01 9.984908660067365327e-02
4.251175562034500977e-01 4.684057319191958224e-01 -1.682893794106081475e-02 4.684057319191958224e-01 5.199932627926144857e-01 -1.779744224883936590e-02 -1.682893794106081475e-02 -1.779744224883936590e-02 5.488956733842006303e-02
4.595425824063805731e-01 -3.414689281575344348e-01 -3.387610642976149333e-01 -3.414689281575344348e-01 2.620481791097783453e-01 2.413416158987120030e-01 -3.387610642976149333e-01 2.413416158987120030e-01 2.784090028292512398e-01
3.182090338837006982e-01 2.740131978926760303e-01 3.239979713618008073e-01 2.740131978926760303e-01 2.459043230584909978e-01 2.578149058131411486e-01 3.239979713618008073e-01 2.578149058131411486e-01 4.358865876336406320e-01
5.739993006167547485e-01 -8.761309496046640333e-02 4.084739347969215673e-01 -8.761309496046640333e-02 3.314685433318897284e-02 -9.708690425411711789e-02 4.084739347969215673e-01 -9.708690425411711789e-02 3.928538408490455103e-01
5.878442611501565329e-01 -4.807233186419843096e-01 3.671498492148816094e-03 -4.807233186419843096e-01 3.997203695276684843e-01 -2.901630200385681233e-03 3.671498492148816094e-03 -2.901630200385681233e-03 1.243525862165841683e-02
6.785662121303023264e-01 3.308482324639547278e-01 -1.189853348440841757e-01 3.308482324639547278e-01 2.029376749603540031e-01 -4.754944836270439540e-02 -1.189853348440841757e-01 -4.754944836270439540e-02 1.184959304616294701e-01
6.786114191858283462e-01 6.826626953341900783e-02 -3.595456617901048313e-01 6.826626953341900783e-02 1.198122824182186290e-02 -5.809437891603255744e-02 -3.595456617901048313e-01 -5.809437891603255744e-02 3.094070224785435697e-01
4.532951023295920812e-01 -3.186363103701256860e-01 3.481557855378037969e-01 -3.186363103701256860e-01 2.358500553001736388e-01 -2.580995601335400180e-01 3.481557855378037969e-01 -2.580995601335400180e-01 3.108547675709328328e-01
1.152028581756159298e-01 2.733382559381075660e-01 -2.445230846100145128e-02 2.733382559381075660e-01 6.732975671739256374e-01 8.951972737212827991e-03 -2.445230846100145128e-02 8.951972737212827991e-03 2.114993386748313386e-01
8.787214866149395398e-01 -2.431211683920248556e-01 -1.357028084868220075e-01 -2.431211683920248556e-01 7.339656807657156390e-02 4.299417760751247236e-02 -1.357028084868220075e-01 4.299417760751247236e-02 4.788211548306311321e-02
2.423374739630294872e-01 4.136938394645637285e-01 7.210409626715182096e-02 4.136938394645637285e-01 7.215555334939157683e-01 1.176531436460081931e-01 7.210409626715182096e-02 1.176531436460081931e-01 3.610716804348836767e-02
3.162711849949152998e-01 4.372645530472411002e-01 1.104557672540179697e-01 4.372645530472411002e-01 6.209867139355187415e-01 1.350609491621288516e-01 1.104557672540179697e-01 1.350609491621288516e-01 6.274220375816361162e-02
3.391262104676489031e-01 4.408402781628759648e-01 3.012233825615303132e-02 4.408402781628759648e-01 5.758765773789314979e-01 3.118635993202141868e-02 3.012233825615303132e-02 3.118635993202141868e-02 8.499708672757529115e-02
2.813893812557572982e-01 -3.003176750962814334e-01 -1.104294380465890568e-01 -3.003176750962814334e-01 3.339269988008608525e-01 7.047069252146731522e-02 -1.104294380465890568e-01 7.047069252146731522e-02 3.846838313757338090e-01
5.299281338839425537e-01 4.372021404747528095e-01 -2.795226470403504651e-02 4.372021404747528095e-01 3.673148113543687754e-01 -1.627661336437487283e-02 -2.795226470403504651e-02 -1.627661336437487283e-02 1.027570799866100726e-01
7.320129898104709154e-01 -4.114380548060058707e-01 -1.963719292728600269e-02 -4.114380548060058707e-01 2.395269037834681092e-01 1.773005143654185489e-02 -1.963719292728600269e-02 1.773005143654185489e-02 2.845995979736924697e-02
6.321718170723712449e-01 -3.912131638968861513e-01 -2.334276682344667564e-01 -3.912131638968861513e-01 2.584602817633102623e-01 1.509061212997453993e-01 -2.334276682344667564e-01 1.509061212997453993e-01 1.093677144074401558e-01
3.008494457101473785e-01 4.041426220118085610e-01 -1.708739732202910755e-01 4.041426220118085610e-01 5.447582722892218010e-01 -2.303914233171992232e-01 -1.708739732202910755e-01 -2.303914233171992232e-01 1.543921809725923022e-01
